"ID" "trial_name" "treatment" "Distance.moved.Center.point.Total.cm" "In.zone.External.zone...Center.point.Frequency" "In.zone.External.zone...Center.point.Cumulative.Duration.s" "In.zone.External.zone...Center.point.Latency.to.First.s" "In.zone.External.zone...Center.point.Cumulative.Duration.." "In.zone.2.Transition.zone...Center.point.Frequency" "In.zone.2.Transition.zone...Center.point.Cumulative.Duration.s" "In.zone.2.Transition.zone...Center.point.Latency.to.First.s" "In.zone.2.Transition.zone...Center.point.Cumulative.Duration.." "In.zone.3.Center.zone...Center.point.Frequency" "In.zone.3.Center.zone...Center.point.Cumulative.Duration.s" "In.zone.3.Center.zone...Center.point.Latency.to.First.s" "In.zone.3.Center.zone...Center.point.Cumulative.Duration.." "Acceleration.Center.point.Minimum.cm.s." "Acceleration.Center.point.Mean.cm.s." "Acceleration.Center.point.Maximum.cm.s." "Acceleration.Center.point.Variance..cm.s..." "Turn.angle.Center.point...relative.Minimum.deg" "Turn.angle.Center.point...relative.Mean.deg" "Turn.angle.Center.point...relative.Maximum.deg" "Turn.angle.Center.point...relative.Variance.deg." "Head.direction.Head.direction.line.Mean.deg" "Head.direction.Head.direction.line.Standard.Deviation.deg" "Head.direction.Head.direction.line.Variance.deg." "Mobility.Body.fill.Minimum.." "Mobility.Body.fill.Mean.." "Mobility.Body.fill.Maximum.." "Mobility.Body.fill.Variance..." "Body.angle.Minimum.deg" "Body.angle.Mean.deg" "Body.angle.Maximum.deg" "Body.angle.Variance.deg." "freq1" "freq2" "freq3" "freq4" "max_cum_curvature_angle" "max_cum_head_center_angle" "max_cum_center_tail_angle" "var_curvature_angle" "var_head_center_angle" "var_center_tail_angle"
"19" 16 "Amont" 3348.93 41 233.186 0.149862 77.7093 53 48.3057 22.6792 16.0979 13 18.4331 23.1787 6.14283 -568.471 -0.0226196 676.492 3315.3 -177.4 0.903622 178.415 268.695 41.245 156.696 3204.81 4.80816 17.5749 81.9249 81.6126 -69.0084 0.417222 126.282 217.847 0.00544727636181909 0.00588872230551391 0.00673829751790771 0.00882058970514743 NA NA NA NA NA NA
"20" 17 "Amont" 1628.69 22 193.932 17.4848 64.6246 41 56.2511 16.8853 18.7448 20 49.9066 0 16.6306 -381.831 0.0402334 337.157 1130.2 -179.997 -1.43557 180 5975.28 -0.487305 85.9702 2217.78 0.147275 13.3373 77.2105 110.411 -69.5607 1.15542 104.957 295.39 0.023018648018648 0.023026973026973 0.023043623043623 0.0230519480519481 1028351.65101107 702638.025581058 371066.253263079 219.13439302321 17121.1559236472 7412.62988387684
"21" 18 "Amont" 450.979 7 22.2839 172.275 7.42591 13 17.4873 170.377 5.82751 7 260.311 0 86.7466 -243.293 0.0233169 289.892 927.159 -179.988 -4.35889 180 13839.4 175.325 45.1008 874.581 0 6.11166 88.8788 78.3816 -54.5064 -1.04939 179.491 45.3831 0.0150791007493755 0.0231640299750208 0.0235720233139051 0.024104912572856 1056353.67316209 201354.507466709 875177.500142371 29.532502570043 2240.7085688585 19729.6662365559
"22" 19 "Amont" 927.678 17 161.717 114.056 53.8961 23 18.285 113.507 6.09391 7 119.552 0.49959 39.8435 -437.929 -0.000188239 438.668 4557.07 -179.985 3.57967 179.998 12165.1 -12.9577 121.662 2938.32 0 4.97439 70.4671 84.6326 -59.5349 3.09557 68.4549 157.359 0.0182652210175146 0.0201501251042535 0.0228273561301084 0.0228356964136781 NA NA NA NA NA NA
"17" 20 "Amont" 2555.31 5 253.518 43.8272 84.4796 5 3.39823 43.1775 1.13239 1 43.1775 0 14.388 -247.485 0.0287703 320.088 1685.89 -179.39 -0.171403 179.471 2167.78 114.239 119.335 2907.61 0.551549 22.4578 83.9033 187.789 -163.125 -1.70524 122.912 308.366 0.00868333333333333 0.00951666666666667 0.0103 0.011825 NA NA 574646.253567506 NA NA 11640.3720316383
"18" 21 "Amont" 1897.71 27 200.362 17.9876 66.7666 37 60.0087 17.488 19.9967 11 39.4229 0.299793 13.1369 -1137.93 0.00054756 1596.5 3642.38 -179.996 0.291688 179.972 3098.86 19.3522 118.932 2902.08 0.0688942 12.6107 100 95.5872 -63.6772 -1.43461 54.9175 171.6 0.00609268211368562 0.00706784464077346 0.00733455575929322 0.0073512252042007 NA NA NA NA NA NA
"23" 22 "Amont" 1460.13 11 227.021 16.9903 75.6536 19 40.6769 16.3907 13.5554 9 32.3816 0 10.791 -818.084 0.010999 653.336 2331.12 -179.942 -1.68507 179.93 3592.33 -23.521 117.894 2887.56 0.0722717 14.7584 100 158.157 -138.767 -1.38128 77.6393 359.923 0.00455529646902065 0.00625416389073951 0.00825283144570287 0.00942704863424384 1006560.43347813 592732.103007885 498196.507653283 208.551076575987 12190.6336788074 9337.25935566773
"24" 23 "Amont" 305.885 11 289.38 0 96.4417 10 10.6769 73.2848 3.5583 0 0 NA 0 -516.886 -0.0276067 995.696 442.41 -179.988 -0.91794 179.928 8797.12 77.8525 50.1099 1043.31 0.371747 5.76307 100 30.9451 -48.792 -2.89651 35.7759 30.7245 0.0195321637426901 0.0195488721804511 0.0203842940685046 0.0222222222222222 1051596.70059017 578165.418136066 516221.624536924 20.4158910334577 4777.34278529448 4625.40908409648
"25" 24 "Amont" 769.545 9 153.363 57.9982 51.107 14 79.9286 57.4987 26.6356 5 66.4906 0.299732 22.1575 -358.823 0.0160022 338.633 551.208 -179.97 2.10333 179.961 8674.39 87.4103 90.6617 2344.06 0.213732 6.18062 65.2507 68.0286 -57.918 -0.836414 51.721 117.464 0.0212 0.022525 0.0244333333333333 0.0246 NA NA NA NA NA NA
"26" 25 "Amont" 998.026 12 180.237 103.057 60.0633 15 14.0873 102.008 4.69452 4 105.754 0 35.2422 -348.015 0.0128698 337.871 475.632 -179.998 -0.841402 179.993 7650.75 3.11458 66.9503 1624.17 0.618047 8.7318 76.3889 89.7962 -74.4768 0.236048 80.4054 159.828 0.0107309357309357 0.0111804861804862 0.0114635364635365 0.023018648018648 1023941.11471353 749153.558536963 358730.035668513 68.8187940345678 16799.4369196185 5554.15174963305
"37" 35 "Amont" 451.129 1 299.807 0.249756 99.9168 0 0 NA 0 0 0 NA 0 -430.011 -0.185095 497.318 955.51 -179.991 2.14514 179.978 7959.84 115.195 129.817 3030.75 0.492958 4.71607 61.796 36.715 -70.8316 2.00316 36.139 69.0132 0.0186135644059323 0.0205382436260623 0.0217630394934178 0.0217797033827695 NA NA NA NA NA NA
"38" 36 "Amont" 2430.14 27 219.604 32.0214 73.1813 43 33.4701 31.372 11.1537 17 47.008 0 15.6651 -474.406 0.0363289 483.935 3102.74 -179.988 2.21193 180 1988.69 -58.3585 105.626 2682.67 0.174182 14.4257 82.9003 91.6057 -78.8618 1.07902 77.0269 181.99 0.00599400599400599 0.00824175824175824 0.00851648351648352 0.00905760905760906 1028777.23000409 583736.956278057 499295.963156374 106.806862604607 11340.5511094382 9468.49634723209
"39" 37 "Amont" 57.0633 0 0 NA 0 0 0 NA 0 1 299.686 0.399648 99.8668 -144.767 -0.00114679 139.864 21.7499 -179.976 3.84681 179.991 13705.5 -80.4223 4.1605 8.64349 0.270071 0.752998 12.6264 0.107726 -14.286 -1.26214 13.2051 53.5289 0.0218156052017339 0.0220656885628543 0.0223324441480494 0.0240496832277426 NA NA NA NA NA NA
"40" 38 "Amont" 61.3528 0 0 NA 0 0 0 NA 0 1 300.086 0 100 -137.62 -0.00133913 144.326 23.7184 -179.986 5.42296 179.979 11925.6 55.5364 8.07532 32.444 0.214527 0.914798 18.9609 0.478175 -20.6464 -11.943 1.78942 35.2173 0.0214785214785215 0.0234182484182484 0.0238927738927739 0.0243506493506494 1009487.4324938 732209.419718832 420792.013857594 35.0934667196229 9.58305915661023 9.38264107155451
"41" 39 "Amont" 196.327 5 3.89666 0.499572 1.29848 6 294.298 0.649443 98.0689 1 1.3988 216.714 0.466123 -155.887 -0.107253 181.704 109.567 -179.994 -1.17043 179.983 9590.47 -167.354 16.2069 128.74 0.241796 1.92958 98.5055 24.1169 -78.1031 1.01184 65.2532 56.8478 0.0207054703135424 0.023157104736491 0.0242911941294196 0.0243579052701801 NA NA NA NA NA NA
"42" 40 "Amont" 2148.87 23 230.341 15.1396 76.7566 38 34.0765 14.7399 11.3553 16 35.2757 0.399724 11.7549 -340.061 0.0300947 340.365 1005.29 -179.412 1.68827 179.973 2635.63 121.847 102.865 2627.67 0.42943 13.5349 68.136 87.2246 -72.6987 -2.74578 68.7371 179.617 0.00753710188427547 0.0080040020010005 0.00815407703851926 0.0096715024178756 NA NA NA NA NA NA
"43" 41 "Amont" 4136.51 38 252.464 0 84.1325 51 38.8214 9.54297 12.9371 14 8.79352 54.36 2.9304 -460.295 -0.00636789 352.701 1832.95 -174.006 -0.067655 172.882 209.595 58.737 162.825 3224.92 1.87542 22.1845 77.9824 81.785 -76.9826 0.557086 72.4112 230.121 0.00895385640513077 0.009312010661336 0.0105114109611861 0.0110361485923705 NA NA 537901.734646526 NA NA 10977.6694978986
"44" 42 "Amont" 1899.41 49 177.471 31.5771 59.1409 64 78.5931 30.9276 26.1905 16 44.0181 0 14.6687 -191.735 -0.000896154 254.433 745.36 -179.951 -0.133483 179.979 5852.78 -46.6724 82.7637 2126.29 0.504767 14.6484 71.1803 147.126 -61.516 1.10303 55.0495 98.0328 0.00717735220649459 0.00819317235636969 0.00903413821815154 0.00924229808492923 1042898.54295788 644911.259831765 444004.416191957 58.8291476489166 10964.2548027358 7604.44246118557
"45" 43 "Amont" 1178.08 18 113.272 0.399724 37.7456 37 134.407 0.099931 44.7885 19 52.314 114.971 17.4326 -159.046 -0.00637074 150.23 402.042 -179.963 -0.496308 179.999 6222.14 -107.014 106.273 2695.07 0.296736 10.058 71.175 106.322 -61.373 -1.28975 66.9671 120.356 0.00596368482425454 0.00777111444277861 0.00818757288022655 0.00994502748625687 NA NA NA NA NA NA
"46" 44 "Amont" 2369.3 20 252.964 19.1859 84.299 28 19.1859 18.5363 6.39361 9 27.9294 0 9.30736 -433.507 0.0498871 411.631 1973.44 -179.798 0.117773 179.97 2306.45 57.5028 93.2437 2409.56 0.397727 14.886 70.5797 97.4203 -73.5483 -2.18199 74.5663 251.626 0.00493755203996669 0.00499583680266445 0.0053955037468776 0.00920066611157369 1015903.43850629 598650.911951547 489035.045083891 138.604629735322 11499.4773536847 8439.85169430986
"57" 55 "Amont" 2076.29 33 255.44 0 85.1185 50 30.8917 119.528 10.2938 17 13.7676 124.193 4.58768 -255.628 0.0344579 236.744 768.41 -179.983 -3.67228 179.996 4273.04 51.6983 86.4625 2231.46 0.30581 16.3764 79.6247 171.711 -71.283 -5.04019 77.0941 252.647 0.0087220326128176 0.00968904057641259 0.0106560485400076 0.0114429275692074 885445.666350818 534067.347783517 440434.914357448 130.574133616378 11357.9617776439 8536.94330804987
"58" 56 "Amont" 1718.89 23 100.657 178.234 33.5442 29 20.2312 175.637 6.74213 7 179.184 0 59.7137 -233.708 0.0418379 350.135 633.766 -179.9 1.57049 179.936 6363.75 -100.02 59.4472 1366.41 0.285036 9.10848 68.9396 121.99 -61.3665 -6.59674 69.2407 139.308 0.0228604728604729 0.0234348984348984 0.0248085248085248 0.024975024975025 1018663.23211674 512279.451515943 535777.779591018 74.2243351494077 6159.3570395518 6684.76869609559
"59" 57 "Amont" 3051.63 50 128.732 0.449587 42.9 95 105.603 1.54858 35.1923 46 65.2901 67.7379 21.7579 -337.177 -0.0730339 690.43 1011.57 -179.97 -0.775332 179.766 1836.08 151.139 111.339 2785.91 0.563698 19.4227 82.9146 146.501 -63.1791 0.751058 67.1087 185.832 0.0071535767883942 0.00780390195097549 0.00856261464065366 0.00884608971152243 NA NA NA NA NA NA
"61" 58 "Amont" 243.798 3 10.9397 280.304 3.64574 5 5.57306 278.653 1.85726 2 283.504 0.051602 94.4798 -124.252 0.0340111 141.298 107.382 -179.993 6.17033 179.999 13882.3 -83.291 23.8845 273.195 0.0876424 3.24759 69.6325 53.4164 -46.0611 3.71573 44.6616 22.4544 0.0188628935145364 0.022759332530535 0.0236280750043007 0.023636676414932 NA NA NA NA NA NA
"62" 59 "Amont" 2880.08 17 280.969 0 93.6397 19 15.6372 29.8255 5.21146 3 3.44717 156.422 1.14885 -311.929 0.00269431 295.894 1401.6 -174.878 0.254899 174.383 236.603 -80.4415 142.935 3136.64 2.51872 23.421 84.7382 64.4076 -77.1958 0.885456 66.1131 109.436 0.0107910074937552 0.0116236469608659 0.0124396336386345 0.013255620316403 1037441.4917778 539034.198227779 546362.589252176 57.4201184966558 11044.3992856964 11281.0801831853
"63" 60 "Amont" 1175 13 284.074 0.399681 94.672 18 11.341 0.299761 3.77955 6 4.6463 0 1.54845 -442.288 0.060679 1515.56 1327.04 -179.996 -0.00897205 179.995 10843.2 -138.652 49.7252 1030.17 0.213523 9.95674 100 201.072 -65.4839 0.524487 83.7559 57.6869 0.00722731057452123 0.0097751873438801 0.00978351373855121 0.0100416319733555 1054629.44960088 336100.289874255 751078.710674089 38.5633412620567 3639.07222303244 8366.741309015
"64" 61 "Amont" 2609.52 19 263.872 11.0671 87.9288 25 18.9813 10.4236 6.32504 7 17.244 0 5.74614 -406.007 0.0308774 447.913 2394.12 -179.911 0.500509 179.951 1180.18 -113.29 133.209 3062.77 0.711642 28.5474 100 217.773 -82.5152 1.5351 74.3635 404.679 0.00715669393026259 0.00952432199741713 0.0107619457597934 0.011041756349548 NA NA 435854.986192316 NA NA 11669.7655733716
"65" 62 "Amont" 3126.08 47 158.158 38.1778 52.7061 75 64.9623 37.1784 21.6486 29 76.9553 0 25.6453 -478.647 0.0447667 693.43 1338.48 -178.761 0.546204 179.642 1118.1 -4.57285 116.545 2868.05 0.489772 18.3396 82.7349 137.3 -67.997 0.542289 77.6747 256.03 0.00447201865423051 0.00602098600932712 0.00697035309793471 0.00816955363091273 1018947.24350286 602427.124139387 478659.668338252 149.86867351383 12872.9277892465 9540.89619468061
"66" 63 "Amont" 2637.22 34 228.506 3.39786 76.1532 52 43.9724 2.74827 14.6545 19 27.4827 0.099937 9.15903 -700.188 0.0110327 805.903 1352.87 -173.018 1.09014 176.624 331.148 -56.0985 144.384 3145.62 1.4094 18.3821 84.0386 98.6824 -68.1638 2.56866 74.2285 295.194 0.00493251124812531 0.00589068488585236 0.0073154474254291 0.00758206965505749 NA NA NA NA NA NA
"63_bis" 64 "Amont" 1999.95 33 199.529 0.699577 78.8663 46 36.7278 0.549667 14.5171 13 16.1902 65.2106 6.39937 -2024.98 -0.485975 1868.07 4924.03 -179.98 1.04616 179.969 4223.5 159.802 96.8713 2496.63 0 21.3535 100 241.771 -71.0765 -1.45988 71.4306 122.815 0.011829340724609 0.0131558107305484 0.0147990496931301 0.0161057216392794 NA NA NA NA NA NA
"77" 71 "Amont" 129.484 1 0.39961 0.099902 0.133178 1 0.049951 0.499512 0.0166472 1 299.507 0.549463 99.8169 -3880.42 -0.165364 3873.97 5195.45 -179.997 3.59037 179.986 14485.6 54.539 7.06972 24.8956 0.224215 1.9439 83.9399 3.78904 -47.9459 -0.812385 37.0768 7.6988 0.0201782145236509 0.020827781479014 0.0237258494337109 0.024400399733511 NA NA NA NA NA NA
"78" 72 "Amont" 720.812 9 205.207 81.3235 68.3869 11 13.0877 80.9239 4.36158 3 81.7731 0 27.2515 -264.659 -0.00835193 261.334 601.683 -179.975 -1.49708 179.979 11365.8 -155.264 96.0331 2477.03 0.27027 7.08303 73.4059 117.206 -50.144 -3.82669 55.3749 45.7266 0.0223942723942724 0.0232017982017982 0.0235597735597736 0.0241008991008991 1046022.93822917 435165.937151942 636530.839387387 25.9564970450668 6919.40800084129 10858.6395920108
"79" 73 "Amont" 405.347 2 296.314 1.09894 98.7515 3 1.4486 0.949084 0.48277 2 2.29778 0 0.765773 -308.318 0.00215032 178.384 195.77 -179.954 -6.90076 179.987 10192.8 -165.841 27.5495 358.376 0.163506 4.00878 77.9307 47.1815 -63.3833 6.35865 35.5183 34.6677 0.0181734931734932 0.0218697968697969 0.0220945720945721 0.0229104229104229 1037280.9649541 136019.083447903 984398.284533927 21.4961198878542 1133.47357136825 7118.66346018684
"80" 74 "Amont" 1234.5 26 83.4705 148.858 27.8175 39 46.4058 148.059 15.4653 14 170.188 0 56.7172 -258.867 0.0340245 211.347 482.192 -179.999 -6.0731 179.984 6011.13 41.8932 70.4729 1742.06 0.53135 10.0378 72.7136 111.388 -64.7228 7.47658 66.9363 187.27 0.0149433899433899 0.0192224442224442 0.021020646020646 0.0218448218448218 1005301.19692419 689207.14651598 346448.516077301 83.25453512019 10534.1952088535 5961.73188273542
"81" 75 "Amont" 811.701 6 292.321 0.149857 97.4197 7 6.14415 0.049952 2.04761 2 1.59848 0 0.532712 -521.091 -0.120263 215.062 392.742 -179.999 0.426843 179.998 6713.52 48.5441 64.6339 1545.35 0.323924 7.85862 66.6836 64.0551 -65.3673 3.29511 70.5641 88.9292 0.0103812853812854 0.017016317016317 0.0183816183816184 0.0219447219447219 1036459.45936711 673375.589308784 393854.879838273 44.1565810719122 9118.22598368824 5885.79941925356
"82" 76 "Amont" 1024.7 12 178.135 102.854 59.3641 16 15.3358 101.206 5.1107 5 106.601 0 35.5252 -402.73 -0.00451088 652.594 1157.67 -179.975 0.293331 179.988 8377.84 78.651 80.6178 2062.86 0 12.9013 100 155.888 -166.472 -1.50355 54.9978 81.4117 0.0216105929380413 0.023192871419054 0.0240839440373085 0.0246252498334444 NA 572198.997140782 NA NA 9138.36932969777 NA
"83" 77 "Amont" 2189.64 17 269.956 0.699367 89.9617 26 20.2816 0.499547 6.75878 10 9.59132 0.249773 3.19627 -713.887 -0.0664153 752.612 2560.61 -179.98 -2.06412 179.937 3558.61 65.3009 95.8698 2473.17 0.477961 12.9559 88.4803 96.9954 -70.3701 0.730005 80.768 186.06 0.00984002666222296 0.0103232794534244 0.0105232461256457 0.0107065489085152 NA NA NA NA NA NA
"84" 78 "Amont" 738.014 11 154.873 0.549549 51.6151 23 132.541 0.449631 44.1725 12 12.19 135.789 4.0626 -237.121 -0.0471601 515.639 461.408 -179.989 0.319603 179.995 8523.62 -129.969 69.6042 1713.24 0.361011 5.30644 85.2481 94.0946 -63.0942 -2.74806 67.8943 74.0762 0.00697131420947298 0.0108905937291528 0.0109406270847232 0.0246414276184123 NA NA NA NA NA NA
"85" 79 "Amont" 610.136 7 287.307 1.09907 95.7383 10 9.29215 0.649451 3.09639 4 3.44709 0.049957 1.14866 -428.997 -0.071669 436.055 4461.14 -179.982 -5.21211 179.998 9764.02 29.7501 50.2356 1047.61 0.0368936 3.51191 57.0529 36.2584 -57.7312 4.71221 63.7955 49.3151 0.0188426311407161 0.021082431307244 0.0220066611157369 0.0227477102414654 NA NA NA NA NA NA
"86" 80 "Amont" 4388.99 60 199.391 1.14908 66.4502 98 61.8507 0.949243 20.6127 39 38.0197 0.799363 12.6707 -1001.85 -0.0724776 2408.25 5518.77 -175.951 0.166946 179.421 413.611 28.3666 154.75 3197.26 1.15411 23.7105 100 119.414 -120.268 -1.94645 82.4674 307.299 0.00753047253297712 0.00893304391384204 0.00920020036734012 0.0110535982634831 NA NA NA NA NA NA
"97" 91 "Amont" 120.393 1 247.761 52.2995 82.5703 1 0.84918 51.4504 0.283003 1 51.4504 0 17.1467 -165.744 -0.022639 105.326 76.1789 -179.999 -13.3465 179.998 13446.4 49.5665 19.2922 180.918 0.188561 1.80405 49.0775 7.08057 -28.0203 -0.456467 20.9573 10.3916 0.0217282717282717 0.0232184482184482 0.0232517482517483 0.0241008991008991 1066625.06227718 764089.991216844 319912.752911384 4.66328740661642 345.589203214854 281.436112985809
"98" 92 "Amont" 469.695 3 7.54272 137.817 2.51373 11 40.6608 0.549469 13.5509 8 251.308 0.599421 83.7523 -4660.76 -0.78289 182.765 4076.96 -179.998 -0.0527037 179.983 9401.83 -103.284 50.6153 1060.61 0 9.39566 100 56.2204 -57.8609 -1.19821 176.556 49.9342 0.0195746455379483 0.0207756463719766 0.0209090909090909 0.0245788156797331 NA NA NA NA NA NA
"99" 93 "Amont" 979.695 3 297.263 0 99.0678 2 2.7973 48.2534 0.932246 0 0 NA 0 -484.111 -0.11051 563.528 2503.92 -179.966 -0.306416 179.975 6110.74 109.181 88.3901 2284.06 0.130662 6.80711 70.8836 68.1248 -87.6452 3.73965 72.6429 125.181 0.0175491175491175 0.0191641691641692 0.0233433233433233 0.0241092241092241 1026047.12176336 507462.486173868 542309.024236515 54.671803672823 8020.01451070459 8395.77507897297
"100" 94 "Amont" 817.89 5 294.066 3.09701 98.0023 5 3.49662 2.49759 1.16531 1 1.89817 0.599421 0.632596 -283.233 0.0484306 424.354 377.237 -179.997 0.148785 179.997 13849.3 31.5998 35.8287 582.998 0.479386 5.69572 69.5508 101.753 -65.6697 -7.96732 66.9274 58.066 0.0182432432432432 0.0201701701701702 0.0235235235235235 0.0244994994994995 NA NA NA NA NA NA
"101" 95 "Amont" 2002.27 10 283.347 2.49777 94.4232 14 8.99197 1.69848 2.9965 5 7.69313 0.049955 2.56368 -315.754 -0.00748676 400.223 1065.14 -179.59 0.119962 179.457 528.121 -3.89143 147.389 3162.77 2.07101 18.5451 100 118.067 -89.2655 -0.161017 78.9644 252.919 0.00925370648009329 0.0104114609361986 0.0104281192736965 0.0127686156921539 NA NA NA NA NA NA
"102" 96 "Amont" 2468.62 17 230.469 40.5682 76.8065 24 22.1826 39.8188 7.39261 8 47.3129 0.099921 15.7676 -379.781 -0.00311806 374.244 723.966 -179.84 0.572118 179.993 3326.27 99.045 148.474 3168.5 0.511836 13.0656 77.3873 92.4822 -60.1709 -1.46527 65.0314 118.056 0.00788772280526403 0.00845410628019324 0.00913709811760786 0.0118940529735132 NA NA NA NA NA NA
"103" 97 "Amont" 3448.83 37 229.828 30.9268 76.5901 54 29.7277 30.5271 9.90676 18 40.5197 0 13.5032 -410.782 0.0147526 484.879 1665.55 -179.689 -1.17435 179.954 3172.48 -157.041 106.47 2698.81 0.503074 15.8404 76.7846 132.393 -73.6548 -1.38409 86.2694 244.464 0.00772689425478768 0.0082014987510408 0.00835137385512073 0.00993338884263114 1015954.45152498 456824.292227894 614632.581254759 128.780900611798 8932.99588994545 13094.4279597675
"104" 98 "Amont" 2800.93 21 216.036 61.2034 71.9947 26 18.2361 59.9044 6.07726 6 65.6001 0.199848 21.8615 -366.044 0.033167 535.509 1188.6 -179.969 0.488214 179.91 3077.08 -85.3064 102.29 2615.8 0 22.9409 100 178.305 -62.8435 -0.0369686 69.7016 102.317 0.00854024329278454 0.00938176970504916 0.0112897850358274 0.0113814364272621 NA NA NA NA NA NA
"105" 99 "Amont" 752.35 7 90.6854 196.51 30.2198 11 9.64313 196.11 3.21345 5 199.758 0 66.5668 -290.977 0.00205106 290.798 406.354 -179.858 8.66762 179.979 6301.34 31.1798 51.6746 1096.98 0.121988 5.36944 74.5679 68.2872 -66.0625 -8.60132 179.291 104.067 0.0208659450457952 0.0232139883430475 0.0238384679433805 0.0238717735220649 1016147.73333293 759102.416588648 370210.966149861 61.1595249032312 7214.00171398553 4364.89865767717
"118" 107 "Amont" 112.188 0 0 NA 0 27 124.23 160.845 41.4017 27 175.83 0 58.5983 -108.664 -0.0118022 179.789 72.307 -179.983 8.03671 179.958 12645.4 -113.442 5.29253 13.9756 0.354191 1.61383 29.287 2.32701 -13.4988 -4.44179 11.2898 7.79982 0.0207459207459207 0.0220695970695971 0.0227522477522478 0.0236013986013986 1053841.15061891 398383.238600525 656172.327590848 6.69461511909071 11.4813637982604 13.4118074834729
"119" 108 "Amont" 1875.1 15 279.184 0.299714 93.0415 20 14.8858 92.4119 4.96088 6 5.69457 93.3111 1.89779 -401.903 0.0194754 419.959 3912.32 -179.997 1.42052 179.975 2558.78 -55.8421 111.822 2794.01 0 13.6669 68.4914 67.5223 -64.8233 1.56966 97.0305 133.024 0.00896666666666667 0.0095 0.0111 0.017275 NA NA NA NA NA NA
"120" 109 "Amont" 530.366 3 296.96 0.549463 98.9679 3 1.44859 193.811 0.48277 1 1.09893 194.56 0.366239 -305.794 0.00355011 475.877 367.352 -179.988 2.55135 179.987 12206 -45.4338 36.7479 610.293 0.4313 5.47067 78.0303 82.5984 -70.0961 -13.3222 72.0571 94.892 0.0131192660550459 0.0208173477898249 0.0210842368640534 0.0219516263552961 NA NA NA NA NA NA
"121" 110 "Amont" 2146.86 29 272.384 0.499512 90.7774 34 23.9266 0.299707 7.97403 6 3.54654 0.199804 1.18195 -777.777 -0.244387 535.555 986.566 -179.964 7.84015 179.944 5003.35 100.21 80.5369 2060.43 0.277008 19.0342 98.1591 257.718 -60.8097 1.93528 70.9276 117.882 0.00977174275241586 0.0109796734421859 0.01526991002999 0.0242835721426191 NA NA NA NA NA NA
"122" 111 "Amont" 1069.42 5 289.827 1.34873 96.5873 7 8.44206 1.09896 2.81338 3 1.64845 0.149858 0.549359 -1136.23 0.049549 1056.72 1722.09 -180 21.5565 180 7140.96 -86.5879 66.6469 1613.89 0 7.19524 75.146 95.0122 -83.7729 -1.09751 78.5934 151.619 0.00596766127687948 0.00922653775629272 0.0109268211368561 0.0122437072845474 NA NA NA NA NA NA
"123" 112 "Amont" 2893.01 25 274.338 0 91.4252 30 22.3327 6.79475 7.44256 6 3.39737 94.5769 1.1322 -243.064 -0.0122792 220.792 994.28 -179.929 0.471488 179.905 3558.75 138.881 97.2189 2504.67 0.467836 20.496 82.4958 164.068 -73.4055 0.870096 76.7726 140.018 0.0094421315570358 0.0128143213988343 0.0131390507910075 0.0132306411323897 1036701.37648064 467023.42321454 615832.439207816 86.1682133897288 8253.08998008767 11894.915287013
"124" 113 "Amont" 152.772 1 2.44817 297.627 0.815851 1 0.049963 297.577 0.0166501 1 297.277 0.299775 99.0676 -1037.6 0.0208566 1723.79 860.883 -179.997 -0.221412 179.923 8185.34 -85.0545 9.04856 40.684 0.166852 1.08635 100 10.7904 -20.8861 -3.0962 60.0349 7.6769 0.0236456076012669 0.0239206534422404 0.024612435405901 0.0246707784630772 NA NA NA NA NA NA
"125" 114 "Amont" 453.321 13 285.893 0 95.2714 14 13.3903 0.849384 4.4622 1 0.799421 298.833 0.2664 -186.476 0.017673 150.783 149.694 -179.965 2.42683 179.995 8858.55 64.0288 28.4136 379.836 0.479616 3.56524 69.2624 50.3132 -56.8357 2.64928 62.2209 40.3587 0.0125312239800167 0.0125395503746878 0.0226477935054122 0.0248459616985845 1058632.51594764 693134.933267435 373505.462228311 33.407229724369 2657.76344741076 1586.88934321972
"126" 115 "Amont" 75.8535 0 0 NA 0 0 0 NA 0 1 300.093 0 100 -26.796 -0.000657299 52.0887 25.5918 -179.997 -10.048 179.941 9729.77 172.651 4.02262 8.08077 0.187517 0.766784 16.4259 0.302445 -13.1886 2.91889 13.5796 33.394 0.0210407993338884 0.0226727726894255 0.0227393838467943 0.0234721065778518 1046620.64728258 48047.8208379763 1014310.74280596 8.99102678154572 4.29906552358488 7135.42224825462
"127" 116 "Amont" 3976.85 64 219.888 0.399705 73.2767 86 61.105 1.59882 20.363 23 18.6862 3.29757 6.22711 -511.174 0.0232963 392.948 1950.39 -177.995 -0.283262 179.627 349.751 150.013 136.375 3089.59 2.88582 26.5587 100 121.482 -169.746 -1.82419 74.2338 302.209 0.00883286024378026 0.00993488061445984 0.0102103857071297 0.0106695608615796 NA NA NA NA NA NA
"138" 127 "Amont" 1314.23 2 274.985 22.4783 91.6431 3 1.3487 22.2286 0.449475 2 23.6772 0.049951 7.89079 -146.02 0.0302134 222.748 655.525 -179.874 -2.25622 179.997 6146.09 -51.1925 83.5216 2148.28 0.649819 13.1802 77.0677 142.814 -62.1134 5.39177 75.6421 133.55 0.015811823480433 0.0159616985845129 0.0191090757701915 0.0249875104079933 NA NA NA NA NA NA
"139" 128 "Amont" 2636.18 21 270.193 0.099904 90.0449 27 20.7802 56.3463 6.92525 7 8.99143 164.793 2.9965 -393.939 -0.0695758 609.128 1301.99 -169.244 0.264971 168.472 275.268 98.1824 158.865 3212.53 3.59915 23.6415 100 94.2144 -64.0908 -0.197576 65.6314 110.349 0.0120086608927382 0.0120586275816123 0.0130163224516989 0.0138657561625583 NA NA NA NA NA NA
"140" 129 "Amont" 2281.05 1 299.957 0.099902 99.9667 0 0 NA 0 0 0 NA 0 -366.489 -0.0831216 542.073 1266.62 -179.508 -0.617556 178.767 726.109 56.5355 172.349 3247.21 2.45376 21.6279 72.3944 99.2123 -173.27 0.061475 80.1466 356.366 0.00570951585976628 0.00951585976627713 0.0130717863105175 0.0150918196994992 NA NA NA NA NA NA
"141" 130 "Amont" 1041.8 18 65.1379 211.299 21.708 21 19.6313 210.849 6.54237 4 215.295 0 71.7496 -164.222 0.0338371 201.745 316.515 -179.995 -6.00609 179.956 10462.9 73.5216 50.3054 1050 0.306279 9.23535 84.0514 157.629 -57.586 -0.217617 53.3745 55.0072 0.00919080919080919 0.0091991341991342 0.00926573426573427 0.0247335997335997 1054166.22455003 592776.47717225 493319.265523892 34.7082370186456 5752.26815545804 4850.33513855595
"142" 131 "Amont" 2191.81 14 182.93 109.448 60.9622 15 7.79276 108.999 2.59697 2 109.348 0 36.4408 -213.846 -0.00540093 278.396 1173.54 -179.993 -0.61289 179.974 5658.82 37.5181 87.9558 2272.35 0 21.7242 89.1897 268.505 -72.3566 -3.3981 69.7699 164.975 0.0104728604728605 0.0112137862137862 0.0144938394938395 0.0173576423576424 1025874.66057396 622685.855799575 475924.358387336 91.4996312219873 11559.4397597928 8117.12062616563
"143" 132 "Amont" 336.059 9 260.976 0 86.9652 11 34.7702 234.999 11.5865 3 4.34627 237.047 1.44831 -140.692 -0.0117504 141.198 252.266 -179.994 4.45691 179.993 12997.7 -44.0669 40.1447 714.522 0 5.77839 68.32 63.3764 -36.2293 0.114688 42.1271 30.1147 0.0183483183483183 0.0205960705960706 0.0238344988344988 0.0239427239427239 1058418.58201214 756556.120037626 330605.419381251 15.6670003928517 6878.71013978464 2562.96730649245
"144" 133 "Amont" 1146.36 57 189.887 80.1813 63.2762 62 26.5273 79.6817 8.83969 6 83.2787 0.399657 27.751 -305.238 0.0309338 856.581 808.698 -179.982 1.96199 179.979 10675.1 -119.823 57.9973 1316.06 0 12.929 99.776 255.393 -60.9882 3.82595 67.4834 100.98 0.00991163721240414 0.0142297432477493 0.0201983994664888 0.0249166388796265 NA NA NA NA NA NA
"145" 134 "Amont" 2696.23 5 271.034 21.0332 90.3263 8 3.49721 20.6835 1.1655 4 25.3798 0.14988 8.45821 -285.244 0.0365443 387.829 1129.03 -179.868 -0.688901 178.717 1032.78 -75.4807 136.26 3088.67 0.910364 18.3241 69.5353 70.4387 -82.6775 -1.23124 74.9882 301.977 0.0098349724954159 0.0114185697616269 0.0119269878313052 0.0123520586764461 NA NA NA NA NA NA
"146" 135 "Amont" 2338.13 14 236.817 43.6163 78.9211 20 14.5887 42.9168 4.8618 7 48.1128 0.549575 16.034 -420.861 -0.00560412 403.587 1125.5 -179.822 0.15587 179.78 1622.18 143.524 109.39 2752.25 0.403078 19.5447 81.4461 158.948 -80.2853 -0.562701 80.4136 316.414 0.00478776737967914 0.00500501336898396 0.00776236631016043 0.00828877005347594 NA NA NA NA NA NA
"147" 136 "Amont" 2324.69 23 229.77 24.0811 76.5734 35 29.277 23.7813 9.75691 13 40.5682 0.449647 13.5198 -485.333 0.0212388 465.295 1322.01 -179.929 -0.276246 179.989 2588.84 78.1508 92.577 2392.92 0.462963 17.0481 87.1036 172.819 -76.0162 -5.40512 75.3581 292.1 0.00612074716477652 0.00702134756504336 0.008947631754503 0.00911440960640427 NA NA NA NA NA NA
"151" 138 "Amont" 1836.91 30 136.968 117.636 45.6467 40 35.1661 114.44 11.7197 11 127.927 0 42.6336 -182.38 0.028712 250.668 676.404 -179.996 0.223309 179.926 5657.07 79.1451 81.0391 2075.45 0.15528 15.4944 82.8136 187.969 -64.8191 -2.19641 66.2693 117.816 0.00764235764235764 0.00933233433233433 0.00934065934065934 0.00937395937395938 1039407.80956411 554428.391921285 539894.864615907 74.0904022499004 9188.10843947209 9026.81760295077
"152" 139 "Amont" 3570.17 63 201.056 18.8818 67.0052 86 64.238 18.3823 21.4084 24 34.3169 0.449566 11.4367 -228.543 0.0290896 292.222 1559.97 -179.496 0.144437 179.891 818.1 -87.1219 140.374 3119.57 0.618557 24.8205 78.6894 111.633 -68.4012 0.168973 74.6768 185.575 0.00856261464065366 0.00881273970318493 0.00927963981990996 0.0107053526763382 NA NA NA NA NA NA
"153" 140 "Amont" 2589.55 9 293.278 0 97.736 8 6.79369 1.14893 2.26402 0 0 NA 0 -829.724 -0.097544 1086.37 1311.84 -178.64 0.600356 179.849 354.751 3.86024 150.315 3177.69 3.875 22.6388 100 96.0537 -118.296 0.253969 71.2881 195.581 0.00930213191205863 0.0105512991339107 0.0108344437041972 0.011892071952032 NA NA 535060.10962026 NA NA 10903.9714838557
"154" 141 "Amont" 2850.06 8 292.924 0.249764 97.6194 9 5.29502 0.799247 1.76461 3 1.5985 0.549482 0.532712 -602.683 -0.132838 1825.29 2254.83 -176.702 0.0603733 179.912 411.034 -78.5898 149.726 3174.82 1.07681 26.1899 100 101.334 -79.1516 -1.02756 172.061 148.387 0.011610268378063 0.0134272378729788 0.0139189864977496 0.0146024337389565 NA NA NA NA NA NA
"155" 142 "Amont" 627.488 9 285.837 0.199955 95.2524 13 6.74851 65.8355 2.24888 5 7.29839 66.5354 2.43212 -411.047 -0.0240947 310.379 388.272 -179.972 0.293656 179.977 11272.9 -34.9949 75.0196 1889.73 0.358423 6.06332 78.1024 88.3259 -59.2092 -0.988836 49.6689 53.5943 0.00877792597532511 0.0103784594864955 0.0114454818272758 0.0125458486162054 NA NA NA NA NA NA
"177" 162 "Amont" 90.4787 0 0 NA 0 0 0 NA 0 1 299.511 0.549469 99.8169 -35.188 -0.0119472 33.1768 37.8539 -179.957 -4.14422 179.993 14681.2 40.493 11.1087 61.1258 0.352858 1.43495 16.4345 0.531125 -23.7828 -4.10788 13.573 25.0077 0.0152710592160133 0.0217097581317765 0.0224770642201835 0.024603836530442 NA NA NA NA NA NA
"178" 163 "Amont" 2668.63 19 274.335 0.199807 91.4267 23 21.5292 15.0355 7.17496 5 3.99614 15.535 1.33178 -1032.4 -0.0415642 1532.05 1599.25 -171.63 0.163219 179.29 201.138 148.67 155.741 3201.18 3.69393 23.548 100 81.2178 -64.047 -0.514235 66.5426 105.805 0.0102267044507418 0.0113435572595433 0.0125020836806134 0.0137356226037673 NA NA NA NA NA NA
"179" 164 "Amont" 2324.83 11 281.439 0 93.7906 18 11.5393 41.1118 3.84551 8 7.09341 41.8611 2.36391 -402.634 -0.0192679 343.45 1011.19 -178.921 0.208701 179.965 784.705 83.1811 124.658 2974.95 0.998967 15.8248 74.2918 71.2811 -82.7074 -1.67195 80.9889 206.523 0.00800299800133245 0.00806129247168554 0.00918554297135243 0.0110176548967355 NA NA 545189.159754334 NA NA 10753.4830173729
"180" 165 "Amont" 122.743 1 0.049952 0.249762 0.0166471 0 0 NA 0 1 299.764 0.299714 99.9001 -7730.49 -1.28929 53.4277 10011.5 -179.999 8.39442 179.999 11648 95.556 5.68136 16.0993 0.134771 1.10891 100 1.92242 -54.4599 -7.27049 8.62635 63.4556 0.0218130311614731 0.0219546742209632 0.0219630061656391 0.0243792701216464 NA NA NA NA NA NA
"182" 166 "Amont" 501.67 10 155.1 129.475 51.6897 13 7.09316 129.175 2.36391 4 131.523 0 43.8322 -1707.83 -0.00239344 1412 2611.29 -179.93 8.99715 179.732 2944.17 -97.404 67.0184 1626.47 0.340403 2.46306 100 36.4023 -177.614 -2.50088 179.571 925.167 0.0177104722792608 0.0208418891170431 0.0225359342915811 0.0245722108145106 NA NA NA NA NA NA
"183" 167 "Amont" 1510.79 22 265.85 0 88.5966 30 23.1282 135.722 7.70767 9 11.0896 136.222 3.69569 -14966.4 -2.51702 958.271 42972.8 -179.984 -0.298662 180 8373.06 55.2508 60.0848 1388.53 0.0163921 9.40114 100 124.957 -175.242 -8.13048 179.974 281.706 0.0209110592938041 0.021444037308461 0.0215772818121253 0.0219020652898068 NA NA 487073.769902172 NA NA 6097.07278249247
"184" 168 "Amont" 1140.85 14 165.95 114.796 55.3021 23 12.9383 113.997 4.31164 10 120.641 0.549502 40.2031 -1395.3 -0.00297029 858.033 7620.18 -179.976 -2.86316 179.992 9380.36 61.5338 52.787 1135.33 0.129889 6.61378 97.6563 90.4652 -177.585 -2.27183 174.537 208.133 0.0169677203545743 0.0219100183977254 0.0230389697273792 0.0242599096838936 NA NA NA NA NA NA
"185" 169 "Amont" 1691.04 23 274.068 0 91.3268 31 17.8849 0.049957 5.95971 9 8.14312 191.738 2.7135 -914.656 -0.374153 731.987 1316.59 -179.991 -2.36084 179.982 5203.05 -170.977 62.5973 1475.41 0.360538 11.7798 100 197.621 -78.4619 2.87083 71.5739 173.595 0.00744255744255744 0.00745088245088245 0.00764235764235764 0.00914918414918415 1022152.05870887 278336.437954102 826561.067360001 84.9993306414837 4861.97852689144 17166.6003833453
"186" 170 "Amont" 315.255 1 300.054 0 100 0 0 NA 0 0 0 NA 0 -444.813 -0.00105753 447.353 3173.4 -179.995 -1.11542 179.996 11728.3 -52.4007 89.4992 2313.63 0.0180848 2.85873 66.0788 32.6639 -68.1614 7.23097 93.7893 90.3502 0.0177577877727803 0.0201316008662335 0.0206979843411628 0.0229968349158754 NA NA NA NA NA NA
"194" 178 "Amont" 2931.53 51 233.484 0 77.8055 70 47.4162 41.3705 15.8009 20 19.1863 57.2592 6.39361 -536.48 -0.00356946 1382.84 2038.75 -179.7 0.0576144 179.908 2127.1 19.3286 119.52 2910.13 0.594732 25.2865 100 192.444 -64.4554 -1.22283 61.2012 119.767 0.00736885928393006 0.00835137385512073 0.012173189009159 0.0134721065778518 1038557.13155692 579795.375631224 504773.16034532 71.1258009034301 12116.6994677928 10067.8669031343
"195" 179 "Amont" 530.773 12 275.347 0.149889 91.7582 16 20.435 257.81 6.80986 4 4.14694 258.809 1.38195 -17762.3 -2.97497 655.729 52944 -179.974 8.13016 179.985 13733.8 27.712 35.3622 569.308 0.37679 5.04015 100 96.6225 -54.938 0.631946 45.7789 34.2026 0.00914014330944843 0.0213714380936511 0.0227212131311448 0.0229545075820697 NA NA NA NA NA NA
"196" 180 "Amont" 827.691 15 225.882 45.4062 75.2788 21 20.3803 44.9566 6.79207 7 53.7981 0 17.9291 -349.778 0.0241045 346.341 904.435 -179.972 -6.51129 179.98 8455.66 20.1878 114.944 2843.97 0.251477 6.32696 73.0185 90.9736 -69.7482 7.26579 87.245 136.099 0.00745088245088245 0.016042291042291 0.0194888444888445 0.0213702963702964 1017439.82712462 600933.846849413 485655.018410972 76.0049526334653 11402.5534033623 8049.56487081954
"197" 181 "Amont" 3285.43 10 239.022 54.9976 79.6571 11 5.74452 54.6479 1.91443 2 55.2973 0 18.4285 -484.433 0.0212998 766.35 2641.74 -179.945 -1.22204 179.981 2754.48 97.7862 106.723 2703.58 0.338409 29.6394 100 275.229 -80.0187 -0.879986 79.4609 232.879 0.0109878191223094 0.0119305856832972 0.0132654763891206 0.0193559152344402 NA NA 558036.07763153 NA NA 10772.4294987811
"198" 182 "Amont" 806.447 5 152.803 143.162 50.9239 5 5.04513 142.213 1.68137 1 142.213 0 47.3947 -478.478 -0.00299793 527.976 1828.65 -179.995 -6.09021 179.997 14245.3 140.601 74.7819 1882.15 0.0162456 7.79772 53.735 65.8381 -54.6612 4.54371 56.7138 106.403 0.0249333999333999 0.0249417249417249 0.0249666999667 0.024991674991675 1035970.26575644 424285.114330741 649197.743790411 70.199091268924 4948.64199458879 13390.9586216452
"199" 183 "Amont" 1767.16 21 150.109 124.283 50.025 26 20.9303 123.784 6.9752 6 129.029 0 42.9998 -310.132 0.0115794 281.674 807.901 -179.986 -1.66242 179.996 6467.29 -158.132 75.7236 1912.07 0.473293 16.3041 80.2419 214.524 -73.9678 -1.43036 76.4362 143.149 0.00737595737595738 0.00974025974025974 0.0107892107892108 0.0117882117882118 1039703.73046334 367962.131975029 709928.006618715 97.3291077139994 6207.58877178901 12984.6563455983
"200" 184 "Amont" 1503.87 24 248.766 0.249764 82.9033 41 32.969 0 10.9872 17 18.3328 89.2161 6.10954 -443.487 -0.0741232 482.585 2262.02 -179.998 3.86579 179.974 6348.42 -32.1016 113.569 2822.46 0.0244007 8.03234 72.436 101.117 -73.7356 3.62891 89.2496 123.551 0.00561938061938062 0.00775890775890776 0.00984848484848485 0.0121128871128871 1034262.44687222 603132.663210471 473792.729301529 75.5004845858763 10615.6755025953 9049.59962748684
"201" 185 "Amont" 180.768 1 102.957 197.122 34.31 1 0.499548 196.622 0.166472 1 196.622 0 65.5236 -156.389 -0.00767622 124.208 91.8836 -179.977 -0.541511 179.987 13925.2 82.4455 21.1957 217.116 0.123762 2.65732 72.5736 19.1121 -57.2096 -3.69171 27.9557 40.3158 0.019955044955045 0.0215534465534466 0.0238011988011988 0.0244921744921745 1048413.47021555 571930.89335301 529681.016615545 24.042369427482 832.485271236587 964.734571172446
"202" 186 "Amont" 3331.28 19 280.32 0.399672 93.4232 24 15.2375 14.2883 5.07826 6 4.09664 24.38 1.3653 -1338.85 -0.0334066 1240.88 6975.15 -179.348 -0.410651 178.953 1051.23 90.9109 142.374 3133.03 2.01643 27.6671 100 194.564 -162.507 -0.68651 90.2949 487.378 0.00827344141734916 0.00834865452114324 0.0114992478689621 0.0120591676416513 NA NA NA NA NA NA
"203" 187 "Amont" 153.139 1 183.697 116.353 61.2221 1 0.799334 115.554 0.2664 1 115.404 0.149875 38.4615 -213.411 -0.00080511 179.842 176.18 -179.99 -6.23193 179.998 14120.5 60.6874 33.1675 506.431 0.314465 2.15563 31.6256 5.57459 -179.002 -8.60609 179.281 60.3572 0.0184105298233922 0.020134955014995 0.0218593802065978 0.0219760079973342 NA NA NA NA NA NA
"204" 188 "Amont" 556.406 11 204.639 76.5399 68.1985 14 85.8327 5.64557 28.6047 4 9.34267 0.249803 3.11355 -199.584 -0.00684205 214.188 251.711 -179.998 1.11256 179.988 12236.6 133.357 102.217 2614.27 0.436205 6.57916 73.6249 95.2567 -76.7525 -0.144684 59.8506 89.203 0.0093015502583764 0.0107017836306051 0.0216536089348225 0.0241040173362227 NA NA NA NA NA NA
"205" 189 "Amont" 759.031 12 167.239 0.149855 55.735 15 8.54176 120.084 2.84668 5 124.13 0.199807 41.3684 -8445.46 -1.40962 148.661 12197.6 -179.988 2.84631 179.979 10751.7 6.32891 69.5946 1712.92 0.376223 7.6254 100 110.68 -57.5542 2.20084 60.154 54.2664 0.00713809761785774 0.021464267866067 0.0217641179410295 0.0248792270531401 NA NA NA NA NA NA
"206" 190 "Amont" 1685.15 19 189.018 97.1063 62.9932 20 15.9346 93.2101 5.31047 2 94.9084 0.199807 31.6298 -198.696 0.00133456 208.878 885.039 -179.959 0.527317 179.99 5945.63 52.6735 91.4916 2365.43 0.439239 18.5881 77.6531 217.338 -68.8265 -0.890398 174.966 189.196 0.0102666666666667 0.0107916666666667 0.011425 0.012125 NA NA NA NA NA NA
"207" 191 "Amont" 2819.44 12 286.89 0 95.6051 15 8.94191 63.3926 2.97986 4 4.24616 85.5226 1.41502 -1614.77 0.0247498 1497.63 32843.9 -179.998 -1.25958 179.995 11823.8 7.57912 125.367 2983.15 0.761035 17.5917 100 112.767 -179.183 -1.19973 179.927 292.657 0.0220359281437126 0.0225149700598802 0.0233704020530368 0.0244396920444825 NA NA NA NA NA NA
"208" 192 "Amont" 73.5938 1 300.064 0 100 0 0 NA 0 0 0 NA 0 -136.003 -0.00260811 155.04 36.5109 -179.883 -13.1216 179.914 11911.4 -88.9392 12.2665 74.3784 0.405885 1.22814 28.634 1.60182 -46.0458 -21.5066 44.1843 73.343 0.0236679986679987 0.0238677988677989 0.023959373959374 0.0243922743922744 951495.953621929 618148.225589759 333921.76831434 69.2223477966017 46.4065438370725 18.7051114290949
"209" 193 "Amont" 1265.78 14 212.25 77.9267 70.7341 14 9.09145 77.2273 3.0298 4 78.7259 0 26.2361 -7492.66 0.0352676 7138.71 37489.3 -179.996 -0.77798 179.994 3849.54 -104.816 107.925 2725.91 0.595026 19.7218 100 209.237 -179.758 -1.65431 179.938 2464.67 0.00323695217312239 0.00575559192580469 0.00580105473722495 0.00737406801236589 NA NA NA NA NA NA
"210" 194 "Amont" 2520.81 25 200.778 74.5861 66.9053 31 19.6831 74.1864 6.55902 7 79.332 0.299743 26.4358 -648.598 0.0187385 714.884 4678.46 -179.939 -3.17447 179.876 2784.45 111.563 99.1344 2547.99 0.465116 17.5458 69.4548 144.374 -175.889 -0.996143 98.8025 255.323 0.00749916583249917 0.00784117450784117 0.00794127460794128 0.00889222555889223 NA NA NA NA NA NA
"211" 195 "Amont" 986.988 2 296.981 1.44893 98.9677 2 1.09919 1.19912 0.366301 1 1.14915 0.049963 0.38295 -2313.24 -0.00705351 2655.22 7292.77 -179.988 0.386981 179.98 7966.16 178.564 60.8755 1415.93 0.0959233 5.30292 100 50.6464 -179.85 1.46234 179.993 369.018 0.00392502941670869 0.0157589510842158 0.0163809043536729 0.016599428475374 NA NA NA NA NA NA
"212" 196 "Amont" 717.563 3 251.815 0.199852 83.9161 4 1.04923 0.149889 0.34965 2 47.1153 0.099926 15.701 -3759.91 -0.612064 3604.01 19669.3 -179.996 -0.677827 179.996 12925.7 108.378 57.0714 1283.89 0 5.46513 88.3877 84.907 -179.54 15.4814 179.798 192.331 0.0211439052859763 0.022202768050692 0.0245956311489078 0.0246039686509922 NA NA NA NA NA NA
"213" 197 "Amont" 1020 18 90.933 175.621 30.303 25 199.153 0 66.367 7 9.99264 180.067 3.33 -214.813 0.018391 250.337 495.271 -179.981 -0.0531172 179.991 8723.75 -12.5445 58.8374 1345.24 0.148368 11.1069 75.272 168.19 -62.4329 -0.162236 58.1108 66.7324 0.00695253955037469 0.00726061615320566 0.00726894254787677 0.0122897585345545 1054650.75822659 827084.198976543 254173.430463017 47.3915235081702 10968.1892367725 4556.3152671337
"214" 198 "Amont" 2711.25 13 288.434 0 96.1205 16 7.49439 59.7553 2.4975 4 4.1469 60.2549 1.38195 -327.424 0.00821101 394.24 1401.68 -178.75 0.424622 179.567 610.287 162.861 120.833 2927.62 3.46696 25.9621 81.4954 97.576 -89.4714 -0.13938 83.044 364.904 0.00414792603698151 0.00920373146759953 0.0112443778110945 0.0141595868732301 NA NA 588167.655722241 NA NA 12166.0291777658
"11" 10 "Aval" 1109.84 9 113.493 170.54 37.8225 12 12.788 169.79 4.26169 4 173.786 0 57.9158 -1058.04 0.0219037 1240.62 1085.05 -179.995 -0.375664 180 8679.45 -89.5417 62.2152 1462.23 0 13.3982 90.5271 244.65 -133.06 -2.35857 172.851 81.7246 0.0134698634698635 0.0150932400932401 0.0207459207459207 0.0228771228771229 1046942.29555312 539513.536846636 537074.716475266 54.6459653379534 7223.53990410968 6781.03979974299
"12" 11 "Aval" 774.716 6 96.8077 195.714 32.2624 7 6.54376 195.364 2.18079 2 196.563 0.149857 65.5069 -618.543 0.000795877 795.25 674.066 -179.998 -3.25644 179.999 12177.8 40.157 46.0021 904.513 0.18622 7.59322 100 138.407 -63.0623 1.03469 66.1512 42.3242 0.0196651674162919 0.0231051141096119 0.02407962685324 0.0249208728968849 NA NA NA NA NA NA
"13" 12 "Aval" 1667.09 10 181.979 0.049952 60.6459 10 5.69464 110.196 1.89779 2 112.344 0.099905 37.4397 -8192.51 -1.32923 436.548 12801.6 -179.998 1.81725 179.98 6670.96 76.1885 82.3246 2113.45 0.263389 17.7138 100 225.307 -69.8945 -1.68222 64.0825 97.0702 0.0101831806827644 0.0101998334721066 0.0122564529558701 0.0161115736885928 NA NA NA NA NA NA
"14" 13 "Aval" 3035.85 22 278.998 0 92.9749 27 18.7331 0.799276 6.24272 6 2.34787 22.9792 0.78242 -673.303 -0.0174305 637.51 2724.75 -178.13 -0.350694 179.838 792.465 142.285 162.055 3222.67 1.35397 30.6148 100 167.657 -173.565 -0.157044 174.557 222.918 0.0110015047650894 0.0113526166192944 0.0154907206152817 0.0183832135094466 NA NA NA NA NA NA
"15" 14 "Aval" 920.542 7 200.321 94.8653 66.7555 7 6.14451 93.6164 2.04761 1 93.0669 0.549509 31.0138 -195.865 -6.64212e-05 283.836 349.249 -179.999 -0.539741 179.921 12148.9 149.485 63.2685 1498.51 0.272727 6.677 64.9688 103.354 -71.5879 0.876507 73.0254 79.1248 0.00986150508927082 0.011463373936259 0.0128566661104622 0.023811112965126 NA NA NA NA NA NA
"16" 15 "Aval" 1679.43 39 121.145 119.047 40.3696 49 46.06 118.397 15.3488 11 132.885 0 44.2817 -656.905 0.0495074 613.37 1747.13 -179.975 1.43828 179.892 6326.63 67.9229 77.8198 1977.64 0.113599 10.0265 65.8901 111.452 -61.1331 -8.67076 169.979 219.813 0.0230519480519481 0.0237429237429237 0.0242840492840493 0.0242923742923743 1001733.27688875 587871.525556685 540533.195281412 119.706568691 10416.886497896 8633.5822310709
"27" 26 "Aval" 457.833 6 243.732 46.7083 81.2219 10 51.7538 0 17.2465 4 4.5959 59.7966 1.53155 -490.717 -0.00247453 506.672 677.205 -179.991 2.15208 179.97 10667.9 13.8167 64.595 1544.02 0.071936 3.50263 67.1776 37.6256 -50.0152 -5.80509 75.6303 98.4385 0.0222731057452123 0.0224729392173189 0.0239883430474605 0.0240799333888426 NA NA NA NA NA NA
"28" 27 "Aval" 494.065 6 32.2212 262.965 10.7375 7 5.79483 261.616 1.93108 2 262.066 0 87.3314 -482.585 0.000265434 453.599 2467.18 -179.963 -7.19547 179.99 8197.41 150.119 29.1994 399.782 0.0766401 3.20485 72.3598 48.2308 -73.0726 6.4268 70.275 38.3457 0.0197885447885448 0.0198801198801199 0.0210872460872461 0.0234598734598735 1037722.86664479 230796.302382834 815261.971162113 27.1178732334651 1496.84281080053 2891.81875672426
"29" 28 "Aval" 1007.97 11 115.598 169.75 38.5217 14 10.241 169.051 3.41269 4 174.247 0 58.0656 -150.361 0.0120202 209.143 410.529 -179.979 -1.42194 180 7844.9 133.458 60.5262 1403.83 0.163934 11.0954 79.519 171.492 -63.3602 0.504595 62.3324 87.5165 0.00807525807525808 0.00985680985680986 0.0102231102231102 0.0105561105561106 1046424.20739966 379095.598856516 698936.949493618 54.1346923131264 4848.50811332263 9185.03989503219
"30" 29 "Aval" 344.896 3 192.268 104.955 64.074 4 2.74883 104.606 0.916056 2 105.055 0 35.01 -334.427 -0.00321132 728.677 293.256 -179.946 -1.05396 179.988 10763.3 -98.9178 32.1476 478.117 0.28267 2.69556 87.6367 30.301 -55.1229 -10.6604 53.4882 53.6869 0.0218973846410128 0.0222805264034649 0.0234549391970681 0.0234632683658171 1012257.25428425 505563.004525861 513114.756639483 37.3033014654976 2131.6777736914 1898.66029515593
"31" 30 "Aval" 2289.33 10 168.012 122.849 55.994 14 6.74446 122.35 2.24775 5 125.297 0 41.7582 -676.143 0.0298378 935.69 1381.68 -179.967 -2.4807 179.955 6071.55 -150.269 77.0306 1953.12 0.444444 17.8817 94.6479 234.114 -78.5526 1.10002 72.0818 142.261 0.0111573688592839 0.0111906744379684 0.0122564529558701 0.0122647793505412 1036890.11899894 390393.062481114 701222.729020717 89.3270281108365 6700.46122477911 12793.4128616396
"32" 31 "Aval" 2127.97 9 227.643 62.3071 75.8575 11 7.89456 62.0073 2.6307 3 64.5556 0 21.5118 -777.999 0.0179502 509.611 1442.26 -179.872 -1.07359 179.889 3333.19 -123.56 95.2339 2458.05 0.294695 17.8965 100 168.082 -78.8559 -0.743093 77.0345 302.122 0.00500083347224537 0.0106184364060677 0.0114769128188031 0.0130521753625604 NA NA 596664.423538833 NA NA 11311.3290493029
"33" 32 "Aval" 948.456 17 181.629 92.2387 60.5329 21 21.6356 91.5891 7.21066 5 96.7857 0 32.2565 -834.801 0.02152 1065.69 870.147 -179.997 -0.0537866 179.997 10414.8 8.97481 77.1299 1956.22 0.3517 9.33507 100 139.681 -62.551 -0.338482 51.5874 52.9396 0.0101765489673551 0.0102098600932712 0.0109260493004664 0.0120419720186542 1054132.21826119 692984.167254456 388180.974523996 33.1808153580185 14599.1507375047 5720.89234692806
"34" 33 "Aval" 753.507 1 299.78 0.299829 99.9001 0 0 NA 0 0 0 NA 0 -559.586 -0.0413334 765.04 748.606 -179.995 -1.82221 179.991 7588.41 132.625 87.1613 2250.71 0.514259 7.18604 84.9206 130.105 -79.5876 -0.872687 85.659 190.987 0.00766922307435812 0.00907802600866956 0.00975325108369456 0.0114871623874625 NA NA NA NA NA NA
"35" 34 "Aval" 1782.03 26 113.176 151.451 37.7186 32 28.4315 150.752 9.47544 7 158.447 0 52.806 -279.228 0.0368989 273.024 1213.36 -179.988 2.32739 179.99 8217.05 91.963 72.834 1819.45 0.0586166 14.8232 79.6834 164.923 -171.348 3.13029 61.3386 135.67 0.0116755496335776 0.0207278481012658 0.023234510326449 0.0241838774150566 1025492.62061479 529550.777126399 535452.841000456 60.3214399047505 7255.03448439614 7508.99705019998
"47" 45 "Aval" 2630.52 26 209.653 45.8569 69.8685 38 30.771 45.2075 10.2547 12 59.6439 0 19.8768 -864.681 0.0253955 931.901 4242.09 -179.986 -0.0541947 179.276 1534.87 -23.1017 107.3 2714.38 0.416089 17.4474 100 134.604 -81.8153 1.30052 169.935 427.064 0.00649816483149817 0.00735735735735736 0.00779946613279947 0.00824157490824158 NA NA 483648.119335538 NA NA 9124.01606362972
"48" 46 "Aval" 543.256 2 296.678 2.19798 98.868 2 3.39688 0 1.13201 0 0 NA 0 -331.085 -0.0543918 334.459 6560.23 -179.996 1.49655 179.995 12454 35.2478 65.3253 1568.97 0.119997 4.32348 47.596 63.1154 -41.6424 7.21873 98.413 100.279 0.0171357202331391 0.0177435470441299 0.0210324729392173 0.0226061615320566 NA NA NA NA NA NA
"49" 47 "Aval" 100.964 0 0 NA 0 0 0 NA 0 1 300.071 0 100 -25.4807 0.000903195 24.0806 42.574 -179.987 20.6252 179.947 9338.09 16.8448 5.61532 15.7281 0.321543 0.949276 3.6151 0.0777447 -28.1613 -7.26576 4.98178 50.8783 0.0227439227439227 0.0227522477522478 0.0227605727605728 0.0248834498834499 1036128.01115299 962548.410283928 162357.011072596 47.2202574527371 38.3785540807702 136.037015321364
"50" 48 "Aval" 819.111 21 97.1133 111.85 32.3622 33 72.1855 111.051 24.0553 13 130.683 0.09991 43.5492 -366.576 0.0230057 488.298 401.203 -179.966 5.93019 179.969 8702.36 150.79 60.5534 1404.77 0.313873 9.16211 91.2106 125.228 -60.7733 -2.44622 58.3134 65.3063 0.00753664223850766 0.0104263824117255 0.0111758827448368 0.0132828114590273 NA NA NA NA NA NA
"51" 49 "Aval" 130.225 1 300.086 0 100 0 0 NA 0 0 0 NA 0 -388.398 -0.0793387 219.79 124.299 -179.993 1.61504 179.994 12294.6 23.9036 83.309 2142.14 0.323303 1.47079 53.7702 10.7562 -33.8379 -3.63316 80.4447 28.0262 0.0223064113238968 0.023022481265612 0.0237718567860117 0.024571190674438 1053419.74433971 661628.167694431 414539.432595536 20.0147141400458 12266.9438286914 4609.66179303086
"52" 50 "Aval" 2893.58 27 200.06 59.0087 66.6667 44 26.5314 58.2092 8.84116 18 73.4985 0 24.4922 -1620.22 0.0153741 1419.33 2526.41 -179.987 2.12515 179.858 1696.4 -108.579 105.72 2684.47 0.371221 14.4614 100 107.934 -76.5463 -1.62425 84.0453 310.782 0.00710241465445462 0.00772689425478768 0.00788509575353872 0.00881765195670275 1008050.68016495 516628.57587752 557301.709599897 165.545330261857 9554.27642008152 10779.0484032426
"53" 51 "Aval" 219.016 2 297.484 0 99.1342 3 2.3483 296.785 0.782551 1 0.249819 297.534 0.0832501 -437.338 -0.0655543 380.45 233.02 -179.991 -4.8191 179.995 8992.87 -80.6536 12.0195 71.4458 0.42735 2.02911 56.3568 13.0859 -59.8101 -7.14467 43.8184 28.0505 0.0226477935054122 0.0229142381348876 0.0238800999167361 0.0243963363863447 1034435.81646825 619958.468991154 418438.584835749 18.7808827805493 191.851062194143 389.339461856645
"54" 52 "Aval" 2666.72 20 193.812 78.0944 64.5854 30 18.187 77.7946 6.06061 11 88.0872 0 29.354 -493.729 0.0259426 588.651 2418.99 -179.995 -3.27819 179.821 2489.14 -149.213 95.047 2453.57 0.32955 14.9263 83.9916 134.534 -78.2162 1.42072 86.0723 344.405 0.00840965861781848 0.00850957535387177 0.00934221482098251 0.0101915070774355 1002465.50160499 451545.35738035 643221.20654456 175.065122562096 8418.00180161769 13186.9253605741
"55" 53 "Aval" 161.792 1 299.912 0.149905 99.95 0 0 NA 0 0 0 NA 0 -8222.17 -1.4939 135.074 11362.4 -179.98 -15.3282 179.974 10963.7 -160.223 9.59926 45.7511 0.42735 1.57684 100 3.90714 -4.50822 13.5491 36.5994 97.4142 0.0202833333333333 0.0230666666666667 0.023825 0.0243083333333333 NA NA NA NA NA NA
"56" 54 "Aval" 389.311 5 125.243 169.867 41.7357 7 4.41675 169.106 1.47183 3 170.273 0.152301 56.7417 -179.872 0.0122744 153.274 166.558 -179.958 4.88536 179.993 11430.7 -17.0134 61.1806 1426.48 0.333839 3.07154 68.3471 39.8925 -57.1988 1.05296 74.7599 76.8945 0.0205011003893685 0.021415270018622 0.0246487218554258 0.02465718638903 NA NA NA NA NA NA
"68" 66 "Aval" 2072.91 27 250.411 0.299714 83.4526 36 39.2126 84.2697 13.0681 10 10.1403 85.4686 3.37939 -467.401 -0.0250512 648.111 1538.21 -179.77 -2.29994 179.992 4384.91 156.254 83.8545 2157.87 0.326087 12.1898 79.7166 119.387 -77.3311 0.616759 72.6531 197.19 0.006975 0.009425 0.00976666666666667 0.0101833333333333 NA NA NA NA NA NA
"69" 67 "Aval" 2327.24 22 285.624 0 95.1889 24 13.6868 48.3034 4.56135 3 0.749277 132.222 0.249709 -1168.81 0.00181601 811.497 2455.08 -179.997 1.71984 179.968 3124.3 -6.19933 136.893 3093.72 0.55226 16.8635 100 204.519 -78.0875 -2.66677 77.2733 444.349 0.00728211964672555 0.00791534744209299 0.00850691551408099 0.00954840859856691 NA NA 534995.041366452 NA NA 11282.6831954946
"70" 68 "Aval" 290.296 2 183.123 116.238 61.0288 2 1.14889 115.788 0.382887 1 115.788 0 38.5883 -189.678 0.00316542 247.387 148.161 -179.973 -2.56858 179.995 11253.8 -163.09 131.956 3051.34 0.465116 3.22374 80.3614 36.8389 -62.1698 -9.55475 70.0776 66.1398 0.0164085914085914 0.0182317682317682 0.0213453213453213 0.0215867465867466 1016751.62222318 517913.639049116 556659.175116899 42.1055581439987 7921.4374352535 8857.16897079094
"71" 69 "Aval" 774.359 4 257.823 0.349692 85.9164 5 3.64679 36.6177 1.21525 2 38.2663 0.399648 12.7518 -7550.47 -1.24249 597.662 11511.1 -179.999 -0.86511 179.992 8935.88 -148.554 86.4458 2231 0.285551 5.57527 100 71.8693 -73.1649 -0.633516 69.9402 321.931 0.0216952825470912 0.0231621936989498 0.0239289881646941 0.0239623270545091 NA NA NA NA NA NA
"87" 81 "Aval" 137.359 0 0 NA 0 0 0 NA 0 1 299.761 0.29971 99.9001 -290.375 -0.000712256 247.019 110.376 -179.969 -11.0931 179.994 9997.42 65.7223 6.08541 18.464 0.450294 1.32967 23.9377 0.820275 -5.32857 7.679 25.5739 54.2335 0.0201833333333333 0.0218416666666667 0.0226 0.0232 NA NA NA NA NA NA
"88" 82 "Aval" 1796.84 11 286.177 1.24881 95.3721 13 10.7398 0.799238 3.57916 3 3.147 0 1.04878 -399.186 0.0122056 418.406 686.075 -176.489 0.0863017 177.058 381.086 -35.5175 150.833 3180.16 1.65017 15.603 81.0486 63.5896 -73.8804 -0.696448 78.5409 191.951 0.00692038640906063 0.00791972018654231 0.00816122584943371 0.0103181212524983 NA 547967.044844045 NA NA 10931.2234958616 NA
"89" 83 "Aval" 213.991 2 185.026 113.543 61.6614 3 1.44864 113.044 0.48277 2 113.593 0 37.8558 -242.711 -0.00266454 216.645 326.111 -179.997 9.24317 179.993 11705.1 -23.9106 17.3179 146.582 0.4914 2.15118 56.0606 15.8479 -69.1656 2.30328 109.702 60.3451 0.0235264735264735 0.0235347985347985 0.0235514485514486 0.0235930735930736 1050717.37305251 922213.722818935 175281.780041998 39.794374692991 501.604339488261 293.535408995594
"90" 84 "Aval" 299.731 3 299.522 0.14986 99.8169 3 0.499536 0.049953 0.166472 1 0.049953 0 0.016647 -695.474 -0.0695902 584.4 526.849 -179.972 2.8536 179.999 8529.89 -152.703 25.1899 302.417 0.581542 2.97721 76.9192 25.9671 -45.673 -4.83592 74.9775 45.885 0.0184398934398934 0.0213286713286713 0.0214951714951715 0.0235014985014985 1040514.09059714 198382.287452273 855127.139296527 23.2572463601508 612.841798822432 1054.96054614408
"91" 85 "Aval" 1305.34 10 273.546 0.499536 91.1603 15 18.1831 0.399628 6.0596 6 8.09248 0.249768 2.69685 -636.349 -0.142191 472.832 1816.8 -179.551 0.207651 179.462 1652.55 173.44 69.335 1704.27 1.30478 19.3563 78.3195 138.88 -78.8395 0.654323 168.388 521.14 0.00269817328640858 0.00496061672532261 0.00882352941176471 0.00890732361320597 NA NA NA NA NA NA
"92" 86 "Aval" 749.362 3 146.276 98.3669 48.7431 5 53.5048 97.6175 17.8292 3 100.265 0.049957 33.411 -1588.85 0.0466633 1437.7 2727.88 -179.985 7.729 179.989 4530.64 -69.7673 63.0818 1492.09 0.289108 4.01865 69.9923 47.3965 -176.633 -1.3436 179.802 383.53 0.0246830092983939 0.0247675401521555 0.0249450549450549 0.0249619611158073 NA NA NA NA NA NA
"93" 87 "Aval" 370.068 3 12.7392 284.61 4.24505 4 1.89839 284.16 0.632595 2 285.459 0 95.1224 -394.533 -0.000790359 552.175 2172.6 -179.971 1.53181 179.999 8115.53 46.8321 20.8233 209.801 0.452944 2.53701 72.4138 29.1014 -55.7476 -3.00444 67.7678 34.2836 0.0196886446886447 0.0211871461871462 0.0213952713952714 0.0243423243423243 1054674.71053078 783073.319428983 317346.504616521 23.7214472021525 1492.28719144206 665.436609137885
"94" 88 "Aval" 1621.87 14 286.169 0 95.3713 19 10.3416 0.699434 3.44655 6 3.54713 181.753 1.18215 -1228.23 -0.0374095 830.601 9513.03 -179.98 7.48684 179.96 5939.81 -81.6114 64.643 1545.66 0.310912 11.4742 91.5211 118 -179.588 2.73816 178.561 484.184 0.02069368017342 0.0210021677505419 0.0212606303151576 0.0232949808237452 NA 563479.617761083 NA NA 6953.45787194647 NA
"95" 89 "Aval" 322.275 2 295.943 0.09993 98.618 3 2.44828 0 0.815851 1 1.69881 225.092 0.566101 -1459.26 -0.504717 348.065 928.068 -180 -1.31546 179.873 8214.47 52.2163 98.9517 2543.93 0.467765 2.32464 100 21.6727 -67.123 0.318724 100.001 51.5142 0.0172439633638634 0.0190091590341382 0.0191007493755204 0.0203746877601998 1057469.7697958 636834.231232242 456794.916678051 36.1597576936235 7504.33006398863 10000.9843915059
"96" 90 "Aval" 315.545 7 77.8417 207.844 25.9407 10 10.8918 204.947 3.6297 4 211.042 0.299775 70.3297 -91.4754 -6.58621e-05 106.244 120.533 -179.999 -12.9785 179.995 8704.96 69.3728 68.1321 1664.01 0.347464 2.85416 57.7654 31.6352 -58.2623 0.897827 59.3976 43.5682 0.00769294882480414 0.00905984330721787 0.017011168528088 0.0212118686447741 NA NA NA NA NA NA
"107" 100 "Aval" 2854.58 41 231.38 0.249762 77.11 55 52.3501 0.299714 17.4463 15 16.0847 35.4662 5.36041 -11642.8 -1.9372 234.678 23190.8 -179.898 0.466534 179.368 1582.28 -88.5456 126.473 2995.59 0.319744 18.0516 100 86.9444 -70.1804 0.508157 72.6782 168.24 0.00800699883352775 0.00826528911848025 0.00864022662889519 0.00955674054324279 NA NA NA NA NA NA
"110" 101 "Aval" 1170.39 20 41.9595 165.241 13.9837 40 64.0882 162.193 21.3584 20 194.013 0 64.6579 -102.969 0.0188787 114.355 255.201 -179.975 2.13949 179.948 6517.3 -75.1288 65.2975 1568.02 0.392157 8.17072 80.47 98.9641 -68.5864 -0.202337 67.1968 152.914 0.00512820512820513 0.00631868131868132 0.00632700632700633 0.00753413253413253 1031563.28947748 584813.246744675 502035.61516102 84.4983493291772 7342.76331224535 6963.57257408515
"111" 102 "Aval" 1753.61 11 265.244 15.7848 88.3969 15 14.8357 15.3352 4.94423 5 19.3813 0.599421 6.45913 -199.002 -0.000908947 199.663 742.984 -179.07 -0.461517 179.37 1117.34 170.731 160.17 3216.85 0.770416 18.4633 72.5509 106.044 -87.9858 -0.537332 84.1108 362.327 0.00725967957276369 0.00752670226969292 0.00786882510013351 0.00962116154873164 NA NA NA NA NA NA
"112" 103 "Aval" 276.089 0 0 NA 0 0 0 NA 0 1 299.722 0.349675 99.8835 -226.21 -0.00164626 150.726 600.705 -179.994 1.70525 179.993 18075 -108.686 27.8562 365.933 0 4.4163 34.7427 20.2692 -179.065 0.93813 173.422 54.2433 0.0183030505084181 0.0183863977329555 0.0217619603267211 0.0224287381230205 NA NA NA NA NA NA
"114" 104 "Aval" 1239.9 16 195.038 65.9451 65.0017 26 22.0317 64.846 7.34266 11 82.6312 0.349708 27.5391 -544.532 0.0144638 631.965 5016.16 -179.993 1.97473 180 7069.24 -12.2263 72.0116 1792.66 0.122382 7.30325 61.071 95.644 -70.4593 -4.81564 69.8116 149.181 0.00568522840946982 0.00723574524841614 0.00725241747249083 0.0249833277759253 NA NA NA NA NA NA
"128" 117 "Aval" 1915.39 8 281.728 8.89142 93.8905 11 5.99421 8.64166 1.99767 4 12.3381 0 4.11187 -352.534 -0.0155271 352.82 1861.89 -179.965 3.12195 179.958 5912.7 -76.3054 74.5271 1874.02 0.0164042 10.9774 74.1647 116.936 -160.535 -6.88001 71.5051 222.486 0.00934065934065934 0.0135364635364635 0.0202963702963703 0.0237595737595738 1004120.2031921 584066.065184826 458506.452076608 104.8926101366 8103.5733963004 6872.32617446487
"129" 118 "Aval" 3334.51 24 266.417 0.049947 88.7816 33 24.1244 0.699258 8.03928 10 9.48993 24.0745 3.16245 -313.898 0.0128179 419.543 1093.77 -179.716 0.631564 179.795 1047.42 -80.9542 124.549 2973.67 0.43554 19.8785 73.8585 85.9902 -74.2512 0.833255 81.6165 143.564 0.00782550782550783 0.00816683316683317 0.00997335997335997 0.011963036963037 NA NA NA NA NA NA
"130" 119 "Aval" 3627.75 29 261.498 0 87.1483 40 26.3746 47.0546 8.78975 12 12.1882 136.468 4.06193 -387.766 -0.0122017 405.601 926.816 -158.814 0.874134 166.666 89.7119 -119.185 192.148 3270.95 4.21537 19.2774 71.7373 45.8471 -63.5562 1.4134 70.9416 156.953 0.00826673326673327 0.00832500832500833 0.00914918414918415 0.0103313353313353 1029694.82735157 536009.745952551 549031.263297964 85.2507545662126 10760.6582308005 11148.1927794559
"131" 120 "Aval" 3104.8 63 226.687 0.34967 75.5452 76 63.2405 46.1066 21.0754 14 9.79079 54.5986 3.26286 -10016.1 -1.80363 266.043 17667.4 -179.808 0.693921 179.969 1933.24 -7.57723 114.576 2838.29 0.579216 16.6814 100 106.477 -63.2286 1.45403 69.0055 164.02 0.00745957659609935 0.00806801133522254 0.00813468911485248 0.00887647941323554 NA NA NA NA NA NA
"132" 121 "Aval" 3128.66 32 246.918 0 82.2873 47 33.6184 12.4383 11.2036 16 19.5316 49.6533 6.50907 -1870.08 0.00764458 1548.98 7253.13 -179.217 -0.35345 179.96 941.847 167.382 149.923 3175.79 2.00239 17.7596 100 125.661 -173.865 -1.95413 179.188 446.404 0.00430717863105175 0.00517529215358932 0.00545075125208681 0.007779632721202 NA NA NA NA NA NA
"134" 122 "Aval" 2172.07 10 224.211 65.9943 74.7128 14 7.59359 65.4947 2.53038 5 67.9426 0.349704 22.6403 -314.543 0.00979445 326.669 1386.82 -179.992 -1.04507 179.989 3718.67 -16.7493 107.863 2724.77 0.429185 21.9823 83.713 213.31 -83.2011 4.22589 88.2087 344.354 0.0106558744993324 0.0125834445927904 0.0140520694259012 0.0146779038718291 NA NA NA NA NA NA
"135" 123 "Aval" 2616.48 11 289.445 2.0482 96.4541 13 7.4934 1.84837 2.49709 3 3.04732 0.099912 1.01548 -243.014 0.021363 306.041 1076.55 -179.916 -0.193203 179.985 4265.52 -46.6196 90.1021 2329.49 0.368227 18.9044 80.5505 181.989 -68.3894 -1.51043 72.5106 119.918 0.00793637574950033 0.0116339107261825 0.011917055296469 0.0125832778147901 NA NA NA NA NA NA
"136" 124 "Aval" 232.515 2 298.719 0.399691 99.5504 1 0.949266 223.078 0.31635 0 0 NA 0 -16243.5 -2.89781 217.639 44168.7 -179.944 2.49752 179.992 10074 -150.404 28.5279 382.71 0.376049 1.8962 100 18.0063 -67.8708 -11.3855 33.7075 109.624 0.0198766049691512 0.0207937301984326 0.021669167917292 0.0239453059863265 NA NA NA NA NA NA
"137" 125 "Aval" 756.762 5 293.78 0.049962 97.9021 7 4.59656 93.9796 1.5318 3 1.64877 94.4293 0.54945 -342.191 -0.145786 642.647 480.861 -179.998 -1.29981 179.936 8403.82 10.5428 54.9427 1209.96 0.38475 5.93708 82.0442 74.304 -70.5256 -0.339845 74.9019 102.877 0.014645118293902 0.0202682439186938 0.0245418193935355 0.0245834721759414 NA NA NA NA NA NA
"150" 137 "Aval" 1340.16 14 278.585 1.09895 92.8417 22 15.4353 0.599428 5.144 7 5.44481 95.1094 1.81455 -591.011 0.00392096 396.157 1151.01 -179.961 -0.430138 179.982 6140.83 109.648 55.1926 1218.63 0.366143 7.38414 74.9055 91.6647 -77.942 2.00342 128.611 127.944 0.00851685018351685 0.00917584250917584 0.00920086753420087 0.00964297630964298 NA NA NA NA NA NA
"157" 143 "Aval" 2600.75 13 293.574 0.249764 97.8359 12 6.24412 42.9596 2.08091 0 0 NA 0 -227.19 0.00267655 274.263 1436.61 -179.994 0.500072 178.229 488.45 -53.7088 132.882 3059.83 3.23661 22.5746 84.8635 131.924 -76.0702 1.05757 75.4949 242.729 0.0107815364105982 0.0112981169805032 0.0119396767205466 0.012872854524246 NA NA NA NA NA NA
"158" 144 "Aval" 3911.44 44 250.162 1.84824 83.3694 58 36.715 1.29876 12.2357 15 13.1375 0.049952 4.37823 -388.352 0.0366985 342.637 1534.32 -179.742 -0.238337 177.675 259.697 -164.629 179.101 3258.01 4.01606 25.9268 74.0212 77.5755 -70.9838 0.339098 74.386 232.548 0.00805162364696087 0.00861781848459617 0.00970857618651124 0.0107327227310575 NA NA NA NA NA NA
"159" 145 "Aval" 2273.69 26 217.29 55.3466 72.4155 30 23.1277 54.2976 7.70767 5 59.6424 0 19.8768 -165.718 0.0194797 176.589 800.673 -179.955 -0.327598 179.907 3052.92 32.8164 103.963 2649.94 0.364964 22.7174 80.4154 169.374 -177.512 -1.21064 134.728 198.783 0.00907728181212525 0.00984343770819454 0.0115839440373085 0.0128497668221186 NA NA 493677.900052926 NA NA 9168.77171778352
"160" 146 "Aval" 228.436 1 299.711 0.349662 99.8835 0 0 NA 0 0 0 NA 0 -547.063 -0.190619 158.775 207.97 -179.993 -2.02931 179.992 14261.8 -140.594 24.0336 276.468 0.441014 3.01488 84.9305 32.68 -65.3013 12.4071 58.8644 37.8836 0.0226871145190865 0.0243040506751125 0.0244457409568261 0.0249874979163194 NA NA NA NA NA NA
"161" 147 "Aval" 1342.71 23 233.342 0 77.7593 33 45.3595 124.439 15.1157 11 21.3809 125.038 7.12502 -377.225 -0.0145305 550.009 604.573 -179.999 1.3596 179.974 5227.35 -23.5394 75.2863 1898.21 0.483092 11.1789 85.4107 119.674 -59.4655 -0.842846 70.7207 69.2284 0.00552780552780553 0.00666833166833167 0.00903263403263403 0.0107309357309357 1052643.9902637 703031.807901176 377493.150726899 47.241777402362 12472.9894816719 6299.87115721251
"162" 148 "Aval" 92.1308 0 0 NA 0 0 0 NA 0 1 300.05 0 100 -31.7715 0.000987446 28.3693 32.1726 -179.984 30.9817 179.795 6313.1 91.6626 5.71396 16.2841 0.356234 0.925905 7.10966 0.117795 -29.0019 -18.9555 0.609328 33.6255 0.0187260616153206 0.0211573688592839 0.0238884263114072 0.0240716069941715 967231.797580598 482442.859979114 712484.12409849 33.6179196789302 9.36951780086486 8.37682872765195
"163" 149 "Aval" 276.042 3 201.549 94.5792 67.1662 4 6.69499 90.3324 2.2311 2 91.7813 0.049962 30.5861 -147.617 -0.00518716 145.282 190.1 -179.987 -2.60218 179.988 13805.9 101.857 36.9303 615.756 0.0983284 4.13503 71.3115 57.9804 -38.2072 3.10369 51.0464 31.7038 0.0231762158560959 0.023184543637575 0.0235842771485676 0.0242671552298468 NA NA NA NA NA NA
"164" 150 "Aval" 682.434 14 144.332 124.798 48.1019 20 25.0295 124.348 8.34166 7 130.493 0.199836 43.4898 -283.19 -0.00848771 500.087 286.786 -179.939 1.28985 179.992 10450.1 79.1278 52.1099 1111.97 0.18018 4.63156 73.3004 80.786 -65.7335 -6.69819 66.0985 180.026 0.0222462922846192 0.0223712714547575 0.0245209131811365 0.0246458923512748 NA NA NA NA NA NA
"165" 151 "Aval" 1489.71 21 162.768 105.065 54.2458 23 32.9733 102.967 10.989 3 103.716 0.599515 34.5654 -218.871 0.0186869 244.115 807.68 -179.982 -3.06017 179.981 5265.58 72.6705 86.2344 2225.13 0.0776398 15.1556 78.1056 119.835 -42.3802 -0.39805 55.7973 70.6049 0.00857667278491574 0.0128399799766394 0.0231269814783915 0.0243450692474554 NA NA NA NA NA NA
"167" 152 "Aval" 4062.63 17 290.27 0.599421 96.7371 18 8.74157 3.34677 2.91327 2 0.449566 171.584 0.149825 -298.794 -0.0367369 586.376 2201.11 -179.818 -0.410667 174.547 288.361 -7.2768 149.763 3175 5.03597 27.9782 94.449 82.854 -173.755 -0.709551 80.9305 222.252 0.00693052772211089 0.00850868403473614 0.00891783567134269 0.0132181028724115 NA NA NA NA NA NA
"168" 153 "Aval" 527.459 7 166.491 125.93 55.4853 11 5.69457 125.281 1.89779 5 127.878 0 42.6169 -394.611 -0.00988545 402.857 469.059 -179.962 4.68306 179.988 9929.87 -25.4802 42.4215 787.015 0.321356 2.5285 74.179 37.109 -81.7211 -9.0507 73.091 65.6847 0.0235770322149891 0.0238691370388917 0.0239525955600067 0.0245451510599232 NA NA NA NA NA NA
"169" 154 "Aval" 389.191 5 293.224 0.499529 97.7193 4 6.34403 225.238 2.1142 0 0 NA 0 -419.56 -0.125878 554.544 1960.53 -179.985 10.7798 179.969 6549.99 9.37834 128.124 3013.4 0.219552 3.72584 53.7806 39.5739 -59.578 -5.67386 174.949 223.049 0.0219062708472315 0.0219396264176117 0.0219563042028019 0.0219896597731821 NA NA NA NA NA NA
"170" 155 "Aval" 1202.5 12 116.588 165.94 38.8547 16 12.1383 165.59 4.04528 5 170.935 0.399614 56.9669 -198.594 0.00856703 300.232 565.233 -179.973 -8.32592 179.969 8614.4 179.002 64.0998 1527.06 0.169779 11.1217 87.2716 197.747 -72.1488 -1.69472 72.5635 96.219 0.0072631754503002 0.00777184789859907 0.00971480987324883 0.0129419613075384 NA NA NA NA NA NA
"171" 156 "Aval" 2430.68 24 185.376 83.6213 61.7779 32 24.8266 82.5723 8.27368 9 89.7156 0.149858 29.8985 -377.743 0.0234035 604.943 1267.54 -179.748 -3.61305 179.827 2495.14 48.761 92.6533 2394.83 0.326371 14.6323 83.6389 118.042 -76.1893 -0.457976 73.4832 279.323 0.010927869398634 0.0112527069798434 0.0113943028485757 0.0220972846909878 NA NA NA NA NA NA
"172" 157 "Aval" 140.723 1 298.626 1.44867 99.5172 2 0.949129 0.399633 0.316297 1 0.099909 0.449587 0.0332947 -8518.16 -1.45858 81.0588 12163.3 -179.991 3.31724 179.99 14564.5 126.676 26.3996 330.613 0.277008 2.12173 100 8.23963 -36.5923 -0.0167502 12.5772 9.39465 0.0199933299983325 0.0218776054694014 0.0229948307487077 0.0231865932966483 NA NA NA NA NA NA
"173" 158 "Aval" 397.58 3 104.463 191.59 34.8152 5 2.24813 191.091 0.749251 3 193.339 0 64.4356 -231.228 -0.0109018 181.518 187.687 -179.994 2.12886 179.996 9492.96 63.0417 25.8367 317.36 0.409277 3.11588 76.3212 36.0221 -63.4006 -1.11565 62.707 52.2864 0.0214404662781016 0.0217152373022481 0.0222064945878435 0.0231557035803497 1046931.69555274 679563.78755984 408370.048440674 21.1987374720346 1933.16712701185 1247.24104029136
"174" 159 "Aval" 2658.05 12 272.793 0 90.9091 19 17.6865 80.5387 5.89411 8 9.5927 175.866 3.1968 -218.269 -0.0100032 228.59 970.804 -179.875 -0.217925 179.617 1421.09 -67.0877 129.244 3024.98 0.607698 20.0053 77.8626 77.9738 -65.3601 -1.55546 63.7084 96.079 0.0104215261579474 0.0109213595468177 0.0111129623458847 0.0114878373875375 NA NA 536583.592379028 NA NA 10810.222155413
"175" 160 "Aval" 1702.12 18 275.297 5.39602 91.7416 22 15.2388 4.79647 5.07825 5 8.89345 0.649521 2.9637 -479.041 0.0367492 585.899 5799.26 -179.939 4.36431 179.99 5175.71 -53.0606 74.0568 1858.94 0.135712 9.95307 69.7391 92.4642 -72.8198 -3.40996 70.5491 209.019 0.00535982634830523 0.00536817498747704 0.0082401068625814 0.00824845550175322 NA NA NA NA NA NA
"176" 161 "Aval" 3916.41 25 277.965 0.449701 92.6395 32 18.038 0 6.01166 7 4.04731 101.233 1.34888 -1103.03 0.0285497 835.004 6093.77 -179.421 0.307916 179.634 776.237 155.968 127.028 3001.68 1.00913 23.5234 100 160.555 -143.672 -0.524799 122.938 499.744 0.00496048427778712 0.00693627038843114 0.00699512359172692 0.00920632251555406 NA NA NA NA NA NA
"181" 171 "Aval" 1823.94 10 238.817 47.2538 79.5905 15 9.14107 46.9042 3.04644 6 52.0991 0 17.3631 -929.332 0.0224356 961.34 1818.04 -179.996 -0.386835 179.999 6880.49 30.1983 84.6156 2179.62 0.175131 13.8188 78.9128 161.463 -74.4025 -0.965443 114.953 119.26 0.0107023411371237 0.0107775919732441 0.0125334448160535 0.0127341137123746 NA NA NA NA NA NA
"188" 172 "Aval" 804.701 10 279.184 0.249762 93.0415 13 14.1365 0.949095 4.71117 5 6.49381 0.299714 2.16414 -9047.45 -1.56146 669.003 14561.4 -180 -0.413071 179.92 8460.75 50.2759 48.8747 1001.22 0.400229 6.61143 100 78.1552 -88.3147 -4.03938 70.3983 92.9999 0.00976713017255822 0.0211425699447144 0.0244178254313955 0.0244262020438935 NA NA NA NA NA NA
"189" 173 "Aval" 367.802 7 63.7892 0.299714 21.2585 42 85.3687 0 28.4501 35 150.906 75.528 50.2913 -514.206 -0.0546118 1706.73 1288.63 -179.994 -2.66074 179.968 12036 -168.898 47.7084 961.731 0.0830392 3.16048 100 64.8679 -53.001 1.04905 61.9639 23.0551 0.00596903096903097 0.006002331002331 0.0224442224442224 0.0237845487845488 1065380.73523752 197237.072129616 875764.649436962 17.166645748208 2563.79357638752 16028.2315339969
"190" 174 "Aval" 2138.14 18 273.992 0.199811 91.3101 22 20.3808 0.649388 6.79208 6 5.49483 0.249764 1.8312 -9457.68 -1.629 520.921 16918.1 -179.918 -1.44005 179.996 3255.27 139.704 92.046 2379.53 0.575741 15.1544 100 148.318 -127.392 -5.40359 79.4422 369.315 0.00688937020993002 0.00838053982005998 0.00855548150616461 0.0191769410196601 NA NA NA NA NA NA
"191" 175 "Aval" 385.623 6 154.427 119.904 51.4652 11 12.59 116.008 4.1958 6 133.044 0 44.339 -1053.46 0.00455017 892.852 619.972 -179.993 3.41407 179.997 13173.8 -87.4257 130.078 3033.34 0.258398 3.43717 94.8885 61.2195 -64.0042 2.69208 58.3003 37.6302 0.0221315570358035 0.0230724396336386 0.0237718567860117 0.0245628642797669 1054849.20235324 541154.486349514 537815.757597328 25.8010895402561 8735.98923077457 8077.82208329123
"192" 176 "Aval" 866.096 11 233.655 52.4563 77.8721 16 8.34305 51.8568 2.78055 6 58.0017 0.049958 19.3307 -332.065 -0.000827828 335.704 464.44 -179.976 2.823 179.924 10937.4 92.1423 46.0481 906.044 0.386372 5.84064 68.2909 82.8898 -62.3254 2.90435 65.1267 169.8 0.020236508994004 0.0216855429713524 0.0221269153897402 0.0228514323784144 NA NA NA NA NA NA
"193" 177 "Aval" 2729.46 31 152.987 0.349742 50.9824 42 29.3784 106.522 9.79021 13 117.364 0.399705 39.1109 -6015.4 -0.967629 713.804 7200.66 -179.955 1.97941 179.982 5703.45 102.538 84.207 2167.97 0.314663 18.2842 100 214.055 -73.4189 2.56677 90.1593 140.889 0.0112620873624542 0.0121623874624875 0.0124958319439813 0.0134544848282761 NA NA NA NA NA NA
