"treatment" "trial_name" "Distance moved Center-point Total cm" "In zone External zone / Center-point Frequency" "In zone External zone / Center-point Cumulative Duration s" "In zone External zone / Center-point Latency to First s" "In zone External zone / Center-point Cumulative Duration %" "In zone 2 Transition zone / Center-point Frequency" "In zone 2 Transition zone / Center-point Cumulative Duration s" "In zone 2 Transition zone / Center-point Latency to First s" "In zone 2 Transition zone / Center-point Cumulative Duration %" "In zone 3 Center zone / Center-point Frequency" "In zone 3 Center zone / Center-point Cumulative Duration s" "In zone 3 Center zone / Center-point Latency to First s" "In zone 3 Center zone / Center-point Cumulative Duration %" "Acceleration Center-point Minimum cm/s²" "Acceleration Center-point Mean cm/s²" "Acceleration Center-point Maximum cm/s²" "Acceleration Center-point Variance (cm/s²)²" "Turn angle Center-point / relative Minimum deg" "Turn angle Center-point / relative Mean deg" "Turn angle Center-point / relative Maximum deg" "Turn angle Center-point / relative Variance deg²" "Head direction Head direction line Mean deg" "Head direction Head direction line Standard Deviation deg" "Head direction Head direction line Variance deg²" "Mobility Body fill Minimum %" "Mobility Body fill Mean %" "Mobility Body fill Maximum %" "Mobility Body fill Variance %²" "Body angle Minimum deg" "Body angle Mean deg" "Body angle Maximum deg" "Body angle Variance deg²" "ID"
"Amont" 16 3348.93 41 233.186 "0.149862" 77.7093 53 48.3057 "22.6792" 16.0979 13 18.4331 "23.1787" 6.14283 -568.471 -0.0226196 676.492 3315.3 -177.4 0.903622 178.415 268.695 41.245 156.696 3204.81 4.80816 17.5749 81.9249 81.6126 -69.0084 0.417222 126.282 217.847 19
"Amont" 17 1628.69 22 193.932 "17.4848" 64.6246 41 56.2511 "16.8853" 18.7448 20 49.9066 "0" 16.6306 -381.831 0.0402334 337.157 1130.2 -179.997 -1.43557 180 5975.28 -0.487305 85.9702 2217.78 0.147275 13.3373 77.2105 110.411 -69.5607 1.15542 104.957 295.39 20
"Amont" 18 450.979 7 22.2839 "172.275" 7.42591 13 17.4873 "170.377" 5.82751 7 260.311 "0" 86.7466 -243.293 0.0233169 289.892 927.159 -179.988 -4.35889 180 13839.4 175.325 45.1008 874.581 0 6.11166 88.8788 78.3816 -54.5064 -1.04939 179.491 45.3831 21
"Amont" 19 927.678 17 161.717 "114.056" 53.8961 23 18.285 "113.507" 6.09391 7 119.552 "0.49959" 39.8435 -437.929 -0.000188239 438.668 4557.07 -179.985 3.57967 179.998 12165.1 -12.9577 121.662 2938.32 0 4.97439 70.4671 84.6326 -59.5349 3.09557 68.4549 157.359 22
"Amont" 20 2555.31 5 253.518 "43.8272" 84.4796 5 3.39823 "43.1775" 1.13239 1 43.1775 "0" 14.388 -247.485 0.0287703 320.088 1685.89 -179.39 -0.171403 179.471 2167.78 114.239 119.335 2907.61 0.551549 22.4578 83.9033 187.789 -163.125 -1.70524 122.912 308.366 17
"Amont" 21 1897.71 27 200.362 "17.9876" 66.7666 37 60.0087 "17.488" 19.9967 11 39.4229 "0.299793" 13.1369 -1137.93 0.00054756 1596.5 3642.38 -179.996 0.291688 179.972 3098.86 19.3522 118.932 2902.08 0.0688942 12.6107 100 95.5872 -63.6772 -1.43461 54.9175 171.6 18
"Amont" 22 1460.13 11 227.021 "16.9903" 75.6536 19 40.6769 "16.3907" 13.5554 9 32.3816 "0" 10.791 -818.084 0.010999 653.336 2331.12 -179.942 -1.68507 179.93 3592.33 -23.521 117.894 2887.56 0.0722717 14.7584 100 158.157 -138.767 -1.38128 77.6393 359.923 23
"Amont" 23 305.885 11 289.38 "0" 96.4417 10 10.6769 "73.2848" 3.5583 0 0 "-" 0 -516.886 -0.0276067 995.696 442.41 -179.988 -0.91794 179.928 8797.12 77.8525 50.1099 1043.31 0.371747 5.76307 100 30.9451 -48.792 -2.89651 35.7759 30.7245 24
"Amont" 24 769.545 9 153.363 "57.9982" 51.107 14 79.9286 "57.4987" 26.6356 5 66.4906 "0.299732" 22.1575 -358.823 0.0160022 338.633 551.208 -179.97 2.10333 179.961 8674.39 87.4103 90.6617 2344.06 0.213732 6.18062 65.2507 68.0286 -57.918 -0.836414 51.721 117.464 25
"Amont" 25 998.026 12 180.237 "103.057" 60.0633 15 14.0873 "102.008" 4.69452 4 105.754 "0" 35.2422 -348.015 0.0128698 337.871 475.632 -179.998 -0.841402 179.993 7650.75 3.11458 66.9503 1624.17 0.618047 8.7318 76.3889 89.7962 -74.4768 0.236048 80.4054 159.828 26
"Amont" 35 451.129 1 299.807 "0.249756" 99.9168 0 0 "-" 0 0 0 "-" 0 -430.011 -0.185095 497.318 955.51 -179.991 2.14514 179.978 7959.84 115.195 129.817 3030.75 0.492958 4.71607 61.796 36.715 -70.8316 2.00316 36.139 69.0132 37
"Amont" 36 2430.14 27 219.604 "32.0214" 73.1813 43 33.4701 "31.372" 11.1537 17 47.008 "0" 15.6651 -474.406 0.0363289 483.935 3102.74 -179.988 2.21193 180 1988.69 -58.3585 105.626 2682.67 0.174182 14.4257 82.9003 91.6057 -78.8618 1.07902 77.0269 181.99 38
"Amont" 37 57.0633 0 0 "-" 0 0 0 "-" 0 1 299.686 "0.399648" 99.8668 -144.767 -0.00114679 139.864 21.7499 -179.976 3.84681 179.991 13705.5 -80.4223 4.1605 8.64349 0.270071 0.752998 12.6264 0.107726 -14.286 -1.26214 13.2051 53.5289 39
"Amont" 38 61.3528 0 0 "-" 0 0 0 "-" 0 1 300.086 "0" 100 -137.62 -0.00133913 144.326 23.7184 -179.986 5.42296 179.979 11925.6 55.5364 8.07532 32.444 0.214527 0.914798 18.9609 0.478175 -20.6464 -11.943 1.78942 35.2173 40
"Amont" 39 196.327 5 3.89666 "0.499572" 1.29848 6 294.298 "0.649443" 98.0689 1 1.3988 "216.714" 0.466123 -155.887 -0.107253 181.704 109.567 -179.994 -1.17043 179.983 9590.47 -167.354 16.2069 128.74 0.241796 1.92958 98.5055 24.1169 -78.1031 1.01184 65.2532 56.8478 41
"Amont" 40 2148.87 23 230.341 "15.1396" 76.7566 38 34.0765 "14.7399" 11.3553 16 35.2757 "0.399724" 11.7549 -340.061 0.0300947 340.365 1005.29 -179.412 1.68827 179.973 2635.63 121.847 102.865 2627.67 0.42943 13.5349 68.136 87.2246 -72.6987 -2.74578 68.7371 179.617 42
"Amont" 41 4136.51 38 252.464 "0" 84.1325 51 38.8214 "9.54297" 12.9371 14 8.79352 "54.36" 2.9304 -460.295 -0.00636789 352.701 1832.95 -174.006 -0.067655 172.882 209.595 58.737 162.825 3224.92 1.87542 22.1845 77.9824 81.785 -76.9826 0.557086 72.4112 230.121 43
"Amont" 42 1899.41 49 177.471 "31.5771" 59.1409 64 78.5931 "30.9276" 26.1905 16 44.0181 "0" 14.6687 -191.735 -0.000896154 254.433 745.36 -179.951 -0.133483 179.979 5852.78 -46.6724 82.7637 2126.29 0.504767 14.6484 71.1803 147.126 -61.516 1.10303 55.0495 98.0328 44
"Amont" 43 1178.08 18 113.272 "0.399724" 37.7456 37 134.407 "0.099931" 44.7885 19 52.314 "114.971" 17.4326 -159.046 -0.00637074 150.23 402.042 -179.963 -0.496308 179.999 6222.14 -107.014 106.273 2695.07 0.296736 10.058 71.175 106.322 -61.373 -1.28975 66.9671 120.356 45
"Amont" 44 2369.3 20 252.964 "19.1859" 84.299 28 19.1859 "18.5363" 6.39361 9 27.9294 "0" 9.30736 -433.507 0.0498871 411.631 1973.44 -179.798 0.117773 179.97 2306.45 57.5028 93.2437 2409.56 0.397727 14.886 70.5797 97.4203 -73.5483 -2.18199 74.5663 251.626 46
"Amont" 55 2076.29 33 255.44 "0" 85.1185 50 30.8917 "119.528" 10.2938 17 13.7676 "124.193" 4.58768 -255.628 0.0344579 236.744 768.41 -179.983 -3.67228 179.996 4273.04 51.6983 86.4625 2231.46 0.30581 16.3764 79.6247 171.711 -71.283 -5.04019 77.0941 252.647 57
"Amont" 56 1718.89 23 100.657 "178.234" 33.5442 29 20.2312 "175.637" 6.74213 7 179.184 "0" 59.7137 -233.708 0.0418379 350.135 633.766 -179.9 1.57049 179.936 6363.75 -100.02 59.4472 1366.41 0.285036 9.10848 68.9396 121.99 -61.3665 -6.59674 69.2407 139.308 58
"Amont" 57 3051.63 50 128.732 "0.449587" 42.9 95 105.603 "1.54858" 35.1923 46 65.2901 "67.7379" 21.7579 -337.177 -0.0730339 690.43 1011.57 -179.97 -0.775332 179.766 1836.08 151.139 111.339 2785.91 0.563698 19.4227 82.9146 146.501 -63.1791 0.751058 67.1087 185.832 59
"Amont" 58 243.798 3 10.9397 "280.304" 3.64574 5 5.57306 "278.653" 1.85726 2 283.504 "0.051602" 94.4798 -124.252 0.0340111 141.298 107.382 -179.993 6.17033 179.999 13882.3 -83.291 23.8845 273.195 0.0876424 3.24759 69.6325 53.4164 -46.0611 3.71573 44.6616 22.4544 61
"Amont" 59 2880.08 17 280.969 "0" 93.6397 19 15.6372 "29.8255" 5.21146 3 3.44717 "156.422" 1.14885 -311.929 0.00269431 295.894 1401.6 -174.878 0.254899 174.383 236.603 -80.4415 142.935 3136.64 2.51872 23.421 84.7382 64.4076 -77.1958 0.885456 66.1131 109.436 62
"Amont" 60 1175 13 284.074 "0.399681" 94.672 18 11.341 "0.299761" 3.77955 6 4.6463 "0" 1.54845 -442.288 0.060679 1515.56 1327.04 -179.996 -0.00897205 179.995 10843.2 -138.652 49.7252 1030.17 0.213523 9.95674 100 201.072 -65.4839 0.524487 83.7559 57.6869 63
"Amont" 61 2609.52 19 263.872 "11.0671" 87.9288 25 18.9813 "10.4236" 6.32504 7 17.244 "0" 5.74614 -406.007 0.0308774 447.913 2394.12 -179.911 0.500509 179.951 1180.18 -113.29 133.209 3062.77 0.711642 28.5474 100 217.773 -82.5152 1.5351 74.3635 404.679 64
"Amont" 62 3126.08 47 158.158 "38.1778" 52.7061 75 64.9623 "37.1784" 21.6486 29 76.9553 "0" 25.6453 -478.647 0.0447667 693.43 1338.48 -178.761 0.546204 179.642 1118.1 -4.57285 116.545 2868.05 0.489772 18.3396 82.7349 137.3 -67.997 0.542289 77.6747 256.03 65
"Amont" 63 2637.22 34 228.506 "3.39786" 76.1532 52 43.9724 "2.74827" 14.6545 19 27.4827 "0.099937" 9.15903 -700.188 0.0110327 805.903 1352.87 -173.018 1.09014 176.624 331.148 -56.0985 144.384 3145.62 1.4094 18.3821 84.0386 98.6824 -68.1638 2.56866 74.2285 295.194 66
"Amont" 64 1999.95 33 199.529 "0.699577" 78.8663 46 36.7278 "0.549667" 14.5171 13 16.1902 "65.2106" 6.39937 -2024.98 -0.485975 1868.07 4924.03 -179.98 1.04616 179.969 4223.5 159.802 96.8713 2496.63 0 21.3535 100 241.771 -71.0765 -1.45988 71.4306 122.815 63
"Amont" 71 129.484 1 0.39961 "0.099902" 0.133178 1 0.049951 "0.499512" 0.0166472 1 299.507 "0.549463" 99.8169 -3880.42 -0.165364 3873.97 5195.45 -179.997 3.59037 179.986 14485.6 54.539 7.06972 24.8956 0.224215 1.9439 83.9399 3.78904 -47.9459 -0.812385 37.0768 7.6988 77
"Amont" 72 720.812 9 205.207 "81.3235" 68.3869 11 13.0877 "80.9239" 4.36158 3 81.7731 "0" 27.2515 -264.659 -0.00835193 261.334 601.683 -179.975 -1.49708 179.979 11365.8 -155.264 96.0331 2477.03 0.27027 7.08303 73.4059 117.206 -50.144 -3.82669 55.3749 45.7266 78
"Amont" 73 405.347 2 296.314 "1.09894" 98.7515 3 1.4486 "0.949084" 0.48277 2 2.29778 "0" 0.765773 -308.318 0.00215032 178.384 195.77 -179.954 -6.90076 179.987 10192.8 -165.841 27.5495 358.376 0.163506 4.00878 77.9307 47.1815 -63.3833 6.35865 35.5183 34.6677 79
"Amont" 74 1234.5 26 83.4705 "148.858" 27.8175 39 46.4058 "148.059" 15.4653 14 170.188 "0" 56.7172 -258.867 0.0340245 211.347 482.192 -179.999 -6.0731 179.984 6011.13 41.8932 70.4729 1742.06 0.53135 10.0378 72.7136 111.388 -64.7228 7.47658 66.9363 187.27 80
"Amont" 75 811.701 6 292.321 "0.149857" 97.4197 7 6.14415 "0.049952" 2.04761 2 1.59848 "0" 0.532712 -521.091 -0.120263 215.062 392.742 -179.999 0.426843 179.998 6713.52 48.5441 64.6339 1545.35 0.323924 7.85862 66.6836 64.0551 -65.3673 3.29511 70.5641 88.9292 81
"Amont" 76 1024.7 12 178.135 "102.854" 59.3641 16 15.3358 "101.206" 5.1107 5 106.601 "0" 35.5252 -402.73 -0.00451088 652.594 1157.67 -179.975 0.293331 179.988 8377.84 78.651 80.6178 2062.86 0 12.9013 100 155.888 -166.472 -1.50355 54.9978 81.4117 82
"Amont" 77 2189.64 17 269.956 "0.699367" 89.9617 26 20.2816 "0.499547" 6.75878 10 9.59132 "0.249773" 3.19627 -713.887 -0.0664153 752.612 2560.61 -179.98 -2.06412 179.937 3558.61 65.3009 95.8698 2473.17 0.477961 12.9559 88.4803 96.9954 -70.3701 0.730005 80.768 186.06 83
"Amont" 78 738.014 11 154.873 "0.549549" 51.6151 23 132.541 "0.449631" 44.1725 12 12.19 "135.789" 4.0626 -237.121 -0.0471601 515.639 461.408 -179.989 0.319603 179.995 8523.62 -129.969 69.6042 1713.24 0.361011 5.30644 85.2481 94.0946 -63.0942 -2.74806 67.8943 74.0762 84
"Amont" 79 610.136 7 287.307 "1.09907" 95.7383 10 9.29215 "0.649451" 3.09639 4 3.44709 "0.049957" 1.14866 -428.997 -0.071669 436.055 4461.14 -179.982 -5.21211 179.998 9764.02 29.7501 50.2356 1047.61 0.0368936 3.51191 57.0529 36.2584 -57.7312 4.71221 63.7955 49.3151 85
"Amont" 80 4388.99 60 199.391 "1.14908" 66.4502 98 61.8507 "0.949243" 20.6127 39 38.0197 "0.799363" 12.6707 -1001.85 -0.0724776 2408.25 5518.77 -175.951 0.166946 179.421 413.611 28.3666 154.75 3197.26 1.15411 23.7105 100 119.414 -120.268 -1.94645 82.4674 307.299 86
"Amont" 91 120.393 1 247.761 "52.2995" 82.5703 1 0.84918 "51.4504" 0.283003 1 51.4504 "0" 17.1467 -165.744 -0.022639 105.326 76.1789 -179.999 -13.3465 179.998 13446.4 49.5665 19.2922 180.918 0.188561 1.80405 49.0775 7.08057 -28.0203 -0.456467 20.9573 10.3916 97
"Amont" 92 469.695 3 7.54272 "137.817" 2.51373 11 40.6608 "0.549469" 13.5509 8 251.308 "0.599421" 83.7523 -4660.76 -0.78289 182.765 4076.96 -179.998 -0.0527037 179.983 9401.83 -103.284 50.6153 1060.61 0 9.39566 100 56.2204 -57.8609 -1.19821 176.556 49.9342 98
"Amont" 93 979.695 3 297.263 "0" 99.0678 2 2.7973 "48.2534" 0.932246 0 0 "-" 0 -484.111 -0.11051 563.528 2503.92 -179.966 -0.306416 179.975 6110.74 109.181 88.3901 2284.06 0.130662 6.80711 70.8836 68.1248 -87.6452 3.73965 72.6429 125.181 99
"Amont" 94 817.89 5 294.066 "3.09701" 98.0023 5 3.49662 "2.49759" 1.16531 1 1.89817 "0.599421" 0.632596 -283.233 0.0484306 424.354 377.237 -179.997 0.148785 179.997 13849.3 31.5998 35.8287 582.998 0.479386 5.69572 69.5508 101.753 -65.6697 -7.96732 66.9274 58.066 100
"Amont" 95 2002.27 10 283.347 "2.49777" 94.4232 14 8.99197 "1.69848" 2.9965 5 7.69313 "0.049955" 2.56368 -315.754 -0.00748676 400.223 1065.14 -179.59 0.119962 179.457 528.121 -3.89143 147.389 3162.77 2.07101 18.5451 100 118.067 -89.2655 -0.161017 78.9644 252.919 101
"Amont" 96 2468.62 17 230.469 "40.5682" 76.8065 24 22.1826 "39.8188" 7.39261 8 47.3129 "0.099921" 15.7676 -379.781 -0.00311806 374.244 723.966 -179.84 0.572118 179.993 3326.27 99.045 148.474 3168.5 0.511836 13.0656 77.3873 92.4822 -60.1709 -1.46527 65.0314 118.056 102
"Amont" 97 3448.83 37 229.828 "30.9268" 76.5901 54 29.7277 "30.5271" 9.90676 18 40.5197 "0" 13.5032 -410.782 0.0147526 484.879 1665.55 -179.689 -1.17435 179.954 3172.48 -157.041 106.47 2698.81 0.503074 15.8404 76.7846 132.393 -73.6548 -1.38409 86.2694 244.464 103
"Amont" 98 2800.93 21 216.036 "61.2034" 71.9947 26 18.2361 "59.9044" 6.07726 6 65.6001 "0.199848" 21.8615 -366.044 0.033167 535.509 1188.6 -179.969 0.488214 179.91 3077.08 -85.3064 102.29 2615.8 0 22.9409 100 178.305 -62.8435 -0.0369686 69.7016 102.317 104
"Amont" 99 752.35 7 90.6854 "196.51" 30.2198 11 9.64313 "196.11" 3.21345 5 199.758 "0" 66.5668 -290.977 0.00205106 290.798 406.354 -179.858 8.66762 179.979 6301.34 31.1798 51.6746 1096.98 0.121988 5.36944 74.5679 68.2872 -66.0625 -8.60132 179.291 104.067 105
"Amont" 107 112.188 0 0 "-" 0 27 124.23 "160.845" 41.4017 27 175.83 "0" 58.5983 -108.664 -0.0118022 179.789 72.307 -179.983 8.03671 179.958 12645.4 -113.442 5.29253 13.9756 0.354191 1.61383 29.287 2.32701 -13.4988 -4.44179 11.2898 7.79982 118
"Amont" 108 1875.1 15 279.184 "0.299714" 93.0415 20 14.8858 "92.4119" 4.96088 6 5.69457 "93.3111" 1.89779 -401.903 0.0194754 419.959 3912.32 -179.997 1.42052 179.975 2558.78 -55.8421 111.822 2794.01 0 13.6669 68.4914 67.5223 -64.8233 1.56966 97.0305 133.024 119
"Amont" 109 530.366 3 296.96 "0.549463" 98.9679 3 1.44859 "193.811" 0.48277 1 1.09893 "194.56" 0.366239 -305.794 0.00355011 475.877 367.352 -179.988 2.55135 179.987 12206 -45.4338 36.7479 610.293 0.4313 5.47067 78.0303 82.5984 -70.0961 -13.3222 72.0571 94.892 120
"Amont" 110 2146.86 29 272.384 "0.499512" 90.7774 34 23.9266 "0.299707" 7.97403 6 3.54654 "0.199804" 1.18195 -777.777 -0.244387 535.555 986.566 -179.964 7.84015 179.944 5003.35 100.21 80.5369 2060.43 0.277008 19.0342 98.1591 257.718 -60.8097 1.93528 70.9276 117.882 121
"Amont" 111 1069.42 5 289.827 "1.34873" 96.5873 7 8.44206 "1.09896" 2.81338 3 1.64845 "0.149858" 0.549359 -1136.23 0.049549 1056.72 1722.09 -180 21.5565 180 7140.96 -86.5879 66.6469 1613.89 0 7.19524 75.146 95.0122 -83.7729 -1.09751 78.5934 151.619 122
"Amont" 112 2893.01 25 274.338 "0" 91.4252 30 22.3327 "6.79475" 7.44256 6 3.39737 "94.5769" 1.1322 -243.064 -0.0122792 220.792 994.28 -179.929 0.471488 179.905 3558.75 138.881 97.2189 2504.67 0.467836 20.496 82.4958 164.068 -73.4055 0.870096 76.7726 140.018 123
"Amont" 113 152.772 1 2.44817 "297.627" 0.815851 1 0.049963 "297.577" 0.0166501 1 297.277 "0.299775" 99.0676 -1037.6 0.0208566 1723.79 860.883 -179.997 -0.221412 179.923 8185.34 -85.0545 9.04856 40.684 0.166852 1.08635 100 10.7904 -20.8861 -3.0962 60.0349 7.6769 124
"Amont" 114 453.321 13 285.893 "0" 95.2714 14 13.3903 "0.849384" 4.4622 1 0.799421 "298.833" 0.2664 -186.476 0.017673 150.783 149.694 -179.965 2.42683 179.995 8858.55 64.0288 28.4136 379.836 0.479616 3.56524 69.2624 50.3132 -56.8357 2.64928 62.2209 40.3587 125
"Amont" 115 75.8535 0 0 "-" 0 0 0 "-" 0 1 300.093 "0" 100 -26.796 -0.000657299 52.0887 25.5918 -179.997 -10.048 179.941 9729.77 172.651 4.02262 8.08077 0.187517 0.766784 16.4259 0.302445 -13.1886 2.91889 13.5796 33.394 126
"Amont" 116 3976.85 64 219.888 "0.399705" 73.2767 86 61.105 "1.59882" 20.363 23 18.6862 "3.29757" 6.22711 -511.174 0.0232963 392.948 1950.39 -177.995 -0.283262 179.627 349.751 150.013 136.375 3089.59 2.88582 26.5587 100 121.482 -169.746 -1.82419 74.2338 302.209 127
"Amont" 127 1314.23 2 274.985 "22.4783" 91.6431 3 1.3487 "22.2286" 0.449475 2 23.6772 "0.049951" 7.89079 -146.02 0.0302134 222.748 655.525 -179.874 -2.25622 179.997 6146.09 -51.1925 83.5216 2148.28 0.649819 13.1802 77.0677 142.814 -62.1134 5.39177 75.6421 133.55 138
"Amont" 128 2636.18 21 270.193 "0.099904" 90.0449 27 20.7802 "56.3463" 6.92525 7 8.99143 "164.793" 2.9965 -393.939 -0.0695758 609.128 1301.99 -169.244 0.264971 168.472 275.268 98.1824 158.865 3212.53 3.59915 23.6415 100 94.2144 -64.0908 -0.197576 65.6314 110.349 139
"Amont" 129 2281.05 1 299.957 "0.099902" 99.9667 0 0 "-" 0 0 0 "-" 0 -366.489 -0.0831216 542.073 1266.62 -179.508 -0.617556 178.767 726.109 56.5355 172.349 3247.21 2.45376 21.6279 72.3944 99.2123 -173.27 0.061475 80.1466 356.366 140
"Amont" 130 1041.8 18 65.1379 "211.299" 21.708 21 19.6313 "210.849" 6.54237 4 215.295 "0" 71.7496 -164.222 0.0338371 201.745 316.515 -179.995 -6.00609 179.956 10462.9 73.5216 50.3054 1050 0.306279 9.23535 84.0514 157.629 -57.586 -0.217617 53.3745 55.0072 141
"Amont" 131 2191.81 14 182.93 "109.448" 60.9622 15 7.79276 "108.999" 2.59697 2 109.348 "0" 36.4408 -213.846 -0.00540093 278.396 1173.54 -179.993 -0.61289 179.974 5658.82 37.5181 87.9558 2272.35 0 21.7242 89.1897 268.505 -72.3566 -3.3981 69.7699 164.975 142
"Amont" 132 336.059 9 260.976 "0" 86.9652 11 34.7702 "234.999" 11.5865 3 4.34627 "237.047" 1.44831 -140.692 -0.0117504 141.198 252.266 -179.994 4.45691 179.993 12997.7 -44.0669 40.1447 714.522 0 5.77839 68.32 63.3764 -36.2293 0.114688 42.1271 30.1147 143
"Amont" 133 1146.36 57 189.887 "80.1813" 63.2762 62 26.5273 "79.6817" 8.83969 6 83.2787 "0.399657" 27.751 -305.238 0.0309338 856.581 808.698 -179.982 1.96199 179.979 10675.1 -119.823 57.9973 1316.06 0 12.929 99.776 255.393 -60.9882 3.82595 67.4834 100.98 144
"Amont" 134 2696.23 5 271.034 "21.0332" 90.3263 8 3.49721 "20.6835" 1.1655 4 25.3798 "0.14988" 8.45821 -285.244 0.0365443 387.829 1129.03 -179.868 -0.688901 178.717 1032.78 -75.4807 136.26 3088.67 0.910364 18.3241 69.5353 70.4387 -82.6775 -1.23124 74.9882 301.977 145
"Amont" 135 2338.13 14 236.817 "43.6163" 78.9211 20 14.5887 "42.9168" 4.8618 7 48.1128 "0.549575" 16.034 -420.861 -0.00560412 403.587 1125.5 -179.822 0.15587 179.78 1622.18 143.524 109.39 2752.25 0.403078 19.5447 81.4461 158.948 -80.2853 -0.562701 80.4136 316.414 146
"Amont" 136 2324.69 23 229.77 "24.0811" 76.5734 35 29.277 "23.7813" 9.75691 13 40.5682 "0.449647" 13.5198 -485.333 0.0212388 465.295 1322.01 -179.929 -0.276246 179.989 2588.84 78.1508 92.577 2392.92 0.462963 17.0481 87.1036 172.819 -76.0162 -5.40512 75.3581 292.1 147
"Amont" 138 1836.91 30 136.968 "117.636" 45.6467 40 35.1661 "114.44" 11.7197 11 127.927 "0" 42.6336 -182.38 0.028712 250.668 676.404 -179.996 0.223309 179.926 5657.07 79.1451 81.0391 2075.45 0.15528 15.4944 82.8136 187.969 -64.8191 -2.19641 66.2693 117.816 151
"Amont" 139 3570.17 63 201.056 "18.8818" 67.0052 86 64.238 "18.3823" 21.4084 24 34.3169 "0.449566" 11.4367 -228.543 0.0290896 292.222 1559.97 -179.496 0.144437 179.891 818.1 -87.1219 140.374 3119.57 0.618557 24.8205 78.6894 111.633 -68.4012 0.168973 74.6768 185.575 152
"Amont" 140 2589.55 9 293.278 "0" 97.736 8 6.79369 "1.14893" 2.26402 0 0 "-" 0 -829.724 -0.097544 1086.37 1311.84 -178.64 0.600356 179.849 354.751 3.86024 150.315 3177.69 3.875 22.6388 100 96.0537 -118.296 0.253969 71.2881 195.581 153
"Amont" 141 2850.06 8 292.924 "0.249764" 97.6194 9 5.29502 "0.799247" 1.76461 3 1.5985 "0.549482" 0.532712 -602.683 -0.132838 1825.29 2254.83 -176.702 0.0603733 179.912 411.034 -78.5898 149.726 3174.82 1.07681 26.1899 100 101.334 -79.1516 -1.02756 172.061 148.387 154
"Amont" 142 627.488 9 285.837 "0.199955" 95.2524 13 6.74851 "65.8355" 2.24888 5 7.29839 "66.5354" 2.43212 -411.047 -0.0240947 310.379 388.272 -179.972 0.293656 179.977 11272.9 -34.9949 75.0196 1889.73 0.358423 6.06332 78.1024 88.3259 -59.2092 -0.988836 49.6689 53.5943 155
"Amont" 162 90.4787 0 0 "-" 0 0 0 "-" 0 1 299.511 "0.549469" 99.8169 -35.188 -0.0119472 33.1768 37.8539 -179.957 -4.14422 179.993 14681.2 40.493 11.1087 61.1258 0.352858 1.43495 16.4345 0.531125 -23.7828 -4.10788 13.573 25.0077 177
"Amont" 163 2668.63 19 274.335 "0.199807" 91.4267 23 21.5292 "15.0355" 7.17496 5 3.99614 "15.535" 1.33178 -1032.4 -0.0415642 1532.05 1599.25 -171.63 0.163219 179.29 201.138 148.67 155.741 3201.18 3.69393 23.548 100 81.2178 -64.047 -0.514235 66.5426 105.805 178
"Amont" 164 2324.83 11 281.439 "0" 93.7906 18 11.5393 "41.1118" 3.84551 8 7.09341 "41.8611" 2.36391 -402.634 -0.0192679 343.45 1011.19 -178.921 0.208701 179.965 784.705 83.1811 124.658 2974.95 0.998967 15.8248 74.2918 71.2811 -82.7074 -1.67195 80.9889 206.523 179
"Amont" 165 122.743 1 0.049952 "0.249762" 0.0166471 0 0 "-" 0 1 299.764 "0.299714" 99.9001 -7730.49 -1.28929 53.4277 10011.5 -179.999 8.39442 179.999 11648 95.556 5.68136 16.0993 0.134771 1.10891 100 1.92242 -54.4599 -7.27049 8.62635 63.4556 180
"Amont" 166 501.67 10 155.1 "129.475" 51.6897 13 7.09316 "129.175" 2.36391 4 131.523 "0" 43.8322 -1707.83 -0.00239344 1412 2611.29 -179.93 8.99715 179.732 2944.17 -97.404 67.0184 1626.47 0.340403 2.46306 100 36.4023 -177.614 -2.50088 179.571 925.167 182
"Amont" 167 1510.79 22 265.85 "0" 88.5966 30 23.1282 "135.722" 7.70767 9 11.0896 "136.222" 3.69569 -14966.4 -2.51702 958.271 42972.8 -179.984 -0.298662 180 8373.06 55.2508 60.0848 1388.53 0.0163921 9.40114 100 124.957 -175.242 -8.13048 179.974 281.706 183
"Amont" 168 1140.85 14 165.95 "114.796" 55.3021 23 12.9383 "113.997" 4.31164 10 120.641 "0.549502" 40.2031 -1395.3 -0.00297029 858.033 7620.18 -179.976 -2.86316 179.992 9380.36 61.5338 52.787 1135.33 0.129889 6.61378 97.6563 90.4652 -177.585 -2.27183 174.537 208.133 184
"Amont" 169 1691.04 23 274.068 "0" 91.3268 31 17.8849 "0.049957" 5.95971 9 8.14312 "191.738" 2.7135 -914.656 -0.374153 731.987 1316.59 -179.991 -2.36084 179.982 5203.05 -170.977 62.5973 1475.41 0.360538 11.7798 100 197.621 -78.4619 2.87083 71.5739 173.595 185
"Amont" 170 315.255 1 300.054 "0" 100 0 0 "-" 0 0 0 "-" 0 -444.813 -0.00105753 447.353 3173.4 -179.995 -1.11542 179.996 11728.3 -52.4007 89.4992 2313.63 0.0180848 2.85873 66.0788 32.6639 -68.1614 7.23097 93.7893 90.3502 186
"Amont" 178 2931.53 51 233.484 "0" 77.8055 70 47.4162 "41.3705" 15.8009 20 19.1863 "57.2592" 6.39361 -536.48 -0.00356946 1382.84 2038.75 -179.7 0.0576144 179.908 2127.1 19.3286 119.52 2910.13 0.594732 25.2865 100 192.444 -64.4554 -1.22283 61.2012 119.767 194
"Amont" 179 530.773 12 275.347 "0.149889" 91.7582 16 20.435 "257.81" 6.80986 4 4.14694 "258.809" 1.38195 -17762.3 -2.97497 655.729 52944 -179.974 8.13016 179.985 13733.8 27.712 35.3622 569.308 0.37679 5.04015 100 96.6225 -54.938 0.631946 45.7789 34.2026 195
"Amont" 180 827.691 15 225.882 "45.4062" 75.2788 21 20.3803 "44.9566" 6.79207 7 53.7981 "0" 17.9291 -349.778 0.0241045 346.341 904.435 -179.972 -6.51129 179.98 8455.66 20.1878 114.944 2843.97 0.251477 6.32696 73.0185 90.9736 -69.7482 7.26579 87.245 136.099 196
"Amont" 181 3285.43 10 239.022 "54.9976" 79.6571 11 5.74452 "54.6479" 1.91443 2 55.2973 "0" 18.4285 -484.433 0.0212998 766.35 2641.74 -179.945 -1.22204 179.981 2754.48 97.7862 106.723 2703.58 0.338409 29.6394 100 275.229 -80.0187 -0.879986 79.4609 232.879 197
"Amont" 182 806.447 5 152.803 "143.162" 50.9239 5 5.04513 "142.213" 1.68137 1 142.213 "0" 47.3947 -478.478 -0.00299793 527.976 1828.65 -179.995 -6.09021 179.997 14245.3 140.601 74.7819 1882.15 0.0162456 7.79772 53.735 65.8381 -54.6612 4.54371 56.7138 106.403 198
"Amont" 183 1767.16 21 150.109 "124.283" 50.025 26 20.9303 "123.784" 6.9752 6 129.029 "0" 42.9998 -310.132 0.0115794 281.674 807.901 -179.986 -1.66242 179.996 6467.29 -158.132 75.7236 1912.07 0.473293 16.3041 80.2419 214.524 -73.9678 -1.43036 76.4362 143.149 199
"Amont" 184 1503.87 24 248.766 "0.249764" 82.9033 41 32.969 "0" 10.9872 17 18.3328 "89.2161" 6.10954 -443.487 -0.0741232 482.585 2262.02 -179.998 3.86579 179.974 6348.42 -32.1016 113.569 2822.46 0.0244007 8.03234 72.436 101.117 -73.7356 3.62891 89.2496 123.551 200
"Amont" 185 180.768 1 102.957 "197.122" 34.31 1 0.499548 "196.622" 0.166472 1 196.622 "0" 65.5236 -156.389 -0.00767622 124.208 91.8836 -179.977 -0.541511 179.987 13925.2 82.4455 21.1957 217.116 0.123762 2.65732 72.5736 19.1121 -57.2096 -3.69171 27.9557 40.3158 201
"Amont" 186 3331.28 19 280.32 "0.399672" 93.4232 24 15.2375 "14.2883" 5.07826 6 4.09664 "24.38" 1.3653 -1338.85 -0.0334066 1240.88 6975.15 -179.348 -0.410651 178.953 1051.23 90.9109 142.374 3133.03 2.01643 27.6671 100 194.564 -162.507 -0.68651 90.2949 487.378 202
"Amont" 187 153.139 1 183.697 "116.353" 61.2221 1 0.799334 "115.554" 0.2664 1 115.404 "0.149875" 38.4615 -213.411 -0.00080511 179.842 176.18 -179.99 -6.23193 179.998 14120.5 60.6874 33.1675 506.431 0.314465 2.15563 31.6256 5.57459 -179.002 -8.60609 179.281 60.3572 203
"Amont" 188 556.406 11 204.639 "76.5399" 68.1985 14 85.8327 "5.64557" 28.6047 4 9.34267 "0.249803" 3.11355 -199.584 -0.00684205 214.188 251.711 -179.998 1.11256 179.988 12236.6 133.357 102.217 2614.27 0.436205 6.57916 73.6249 95.2567 -76.7525 -0.144684 59.8506 89.203 204
"Amont" 189 759.031 12 167.239 "0.149855" 55.735 15 8.54176 "120.084" 2.84668 5 124.13 "0.199807" 41.3684 -8445.46 -1.40962 148.661 12197.6 -179.988 2.84631 179.979 10751.7 6.32891 69.5946 1712.92 0.376223 7.6254 100 110.68 -57.5542 2.20084 60.154 54.2664 205
"Amont" 190 1685.15 19 189.018 "97.1063" 62.9932 20 15.9346 "93.2101" 5.31047 2 94.9084 "0.199807" 31.6298 -198.696 0.00133456 208.878 885.039 -179.959 0.527317 179.99 5945.63 52.6735 91.4916 2365.43 0.439239 18.5881 77.6531 217.338 -68.8265 -0.890398 174.966 189.196 206
"Amont" 191 2819.44 12 286.89 "0" 95.6051 15 8.94191 "63.3926" 2.97986 4 4.24616 "85.5226" 1.41502 -1614.77 0.0247498 1497.63 32843.9 -179.998 -1.25958 179.995 11823.8 7.57912 125.367 2983.15 0.761035 17.5917 100 112.767 -179.183 -1.19973 179.927 292.657 207
"Amont" 192 73.5938 1 300.064 "0" 100 0 0 "-" 0 0 0 "-" 0 -136.003 -0.00260811 155.04 36.5109 -179.883 -13.1216 179.914 11911.4 -88.9392 12.2665 74.3784 0.405885 1.22814 28.634 1.60182 -46.0458 -21.5066 44.1843 73.343 208
"Amont" 193 1265.78 14 212.25 "77.9267" 70.7341 14 9.09145 "77.2273" 3.0298 4 78.7259 "0" 26.2361 -7492.66 0.0352676 7138.71 37489.3 -179.996 -0.77798 179.994 3849.54 -104.816 107.925 2725.91 0.595026 19.7218 100 209.237 -179.758 -1.65431 179.938 2464.67 209
"Amont" 194 2520.81 25 200.778 "74.5861" 66.9053 31 19.6831 "74.1864" 6.55902 7 79.332 "0.299743" 26.4358 -648.598 0.0187385 714.884 4678.46 -179.939 -3.17447 179.876 2784.45 111.563 99.1344 2547.99 0.465116 17.5458 69.4548 144.374 -175.889 -0.996143 98.8025 255.323 210
"Amont" 195 986.988 2 296.981 "1.44893" 98.9677 2 1.09919 "1.19912" 0.366301 1 1.14915 "0.049963" 0.38295 -2313.24 -0.00705351 2655.22 7292.77 -179.988 0.386981 179.98 7966.16 178.564 60.8755 1415.93 0.0959233 5.30292 100 50.6464 -179.85 1.46234 179.993 369.018 211
"Amont" 196 717.563 3 251.815 "0.199852" 83.9161 4 1.04923 "0.149889" 0.34965 2 47.1153 "0.099926" 15.701 -3759.91 -0.612064 3604.01 19669.3 -179.996 -0.677827 179.996 12925.7 108.378 57.0714 1283.89 0 5.46513 88.3877 84.907 -179.54 15.4814 179.798 192.331 212
"Amont" 197 1020 18 90.933 "175.621" 30.303 25 199.153 "0" 66.367 7 9.99264 "180.067" 3.33 -214.813 0.018391 250.337 495.271 -179.981 -0.0531172 179.991 8723.75 -12.5445 58.8374 1345.24 0.148368 11.1069 75.272 168.19 -62.4329 -0.162236 58.1108 66.7324 213
"Amont" 198 2711.25 13 288.434 "0" 96.1205 16 7.49439 "59.7553" 2.4975 4 4.1469 "60.2549" 1.38195 -327.424 0.00821101 394.24 1401.68 -178.75 0.424622 179.567 610.287 162.861 120.833 2927.62 3.46696 25.9621 81.4954 97.576 -89.4714 -0.13938 83.044 364.904 214
"Aval" 10 1109.84 9 113.493 "170.54" 37.8225 12 12.788 "169.79" 4.26169 4 173.786 "0" 57.9158 -1058.04 0.0219037 1240.62 1085.05 -179.995 -0.375664 180 8679.45 -89.5417 62.2152 1462.23 0 13.3982 90.5271 244.65 -133.06 -2.35857 172.851 81.7246 11
"Aval" 11 774.716 6 96.8077 "195.714" 32.2624 7 6.54376 "195.364" 2.18079 2 196.563 "0.149857" 65.5069 -618.543 0.000795877 795.25 674.066 -179.998 -3.25644 179.999 12177.8 40.157 46.0021 904.513 0.18622 7.59322 100 138.407 -63.0623 1.03469 66.1512 42.3242 12
"Aval" 12 1667.09 10 181.979 "0.049952" 60.6459 10 5.69464 "110.196" 1.89779 2 112.344 "0.099905" 37.4397 -8192.51 -1.32923 436.548 12801.6 -179.998 1.81725 179.98 6670.96 76.1885 82.3246 2113.45 0.263389 17.7138 100 225.307 -69.8945 -1.68222 64.0825 97.0702 13
"Aval" 13 3035.85 22 278.998 "0" 92.9749 27 18.7331 "0.799276" 6.24272 6 2.34787 "22.9792" 0.78242 -673.303 -0.0174305 637.51 2724.75 -178.13 -0.350694 179.838 792.465 142.285 162.055 3222.67 1.35397 30.6148 100 167.657 -173.565 -0.157044 174.557 222.918 14
"Aval" 14 920.542 7 200.321 "94.8653" 66.7555 7 6.14451 "93.6164" 2.04761 1 93.0669 "0.549509" 31.0138 -195.865 -6.64212e-05 283.836 349.249 -179.999 -0.539741 179.921 12148.9 149.485 63.2685 1498.51 0.272727 6.677 64.9688 103.354 -71.5879 0.876507 73.0254 79.1248 15
"Aval" 15 1679.43 39 121.145 "119.047" 40.3696 49 46.06 "118.397" 15.3488 11 132.885 "0" 44.2817 -656.905 0.0495074 613.37 1747.13 -179.975 1.43828 179.892 6326.63 67.9229 77.8198 1977.64 0.113599 10.0265 65.8901 111.452 -61.1331 -8.67076 169.979 219.813 16
"Aval" 26 457.833 6 243.732 "46.7083" 81.2219 10 51.7538 "0" 17.2465 4 4.5959 "59.7966" 1.53155 -490.717 -0.00247453 506.672 677.205 -179.991 2.15208 179.97 10667.9 13.8167 64.595 1544.02 0.071936 3.50263 67.1776 37.6256 -50.0152 -5.80509 75.6303 98.4385 27
"Aval" 27 494.065 6 32.2212 "262.965" 10.7375 7 5.79483 "261.616" 1.93108 2 262.066 "0" 87.3314 -482.585 0.000265434 453.599 2467.18 -179.963 -7.19547 179.99 8197.41 150.119 29.1994 399.782 0.0766401 3.20485 72.3598 48.2308 -73.0726 6.4268 70.275 38.3457 28
"Aval" 28 1007.97 11 115.598 "169.75" 38.5217 14 10.241 "169.051" 3.41269 4 174.247 "0" 58.0656 -150.361 0.0120202 209.143 410.529 -179.979 -1.42194 180 7844.9 133.458 60.5262 1403.83 0.163934 11.0954 79.519 171.492 -63.3602 0.504595 62.3324 87.5165 29
"Aval" 29 344.896 3 192.268 "104.955" 64.074 4 2.74883 "104.606" 0.916056 2 105.055 "0" 35.01 -334.427 -0.00321132 728.677 293.256 -179.946 -1.05396 179.988 10763.3 -98.9178 32.1476 478.117 0.28267 2.69556 87.6367 30.301 -55.1229 -10.6604 53.4882 53.6869 30
"Aval" 30 2289.33 10 168.012 "122.849" 55.994 14 6.74446 "122.35" 2.24775 5 125.297 "0" 41.7582 -676.143 0.0298378 935.69 1381.68 -179.967 -2.4807 179.955 6071.55 -150.269 77.0306 1953.12 0.444444 17.8817 94.6479 234.114 -78.5526 1.10002 72.0818 142.261 31
"Aval" 31 2127.97 9 227.643 "62.3071" 75.8575 11 7.89456 "62.0073" 2.6307 3 64.5556 "0" 21.5118 -777.999 0.0179502 509.611 1442.26 -179.872 -1.07359 179.889 3333.19 -123.56 95.2339 2458.05 0.294695 17.8965 100 168.082 -78.8559 -0.743093 77.0345 302.122 32
"Aval" 32 948.456 17 181.629 "92.2387" 60.5329 21 21.6356 "91.5891" 7.21066 5 96.7857 "0" 32.2565 -834.801 0.02152 1065.69 870.147 -179.997 -0.0537866 179.997 10414.8 8.97481 77.1299 1956.22 0.3517 9.33507 100 139.681 -62.551 -0.338482 51.5874 52.9396 33
"Aval" 33 753.507 1 299.78 "0.299829" 99.9001 0 0 "-" 0 0 0 "-" 0 -559.586 -0.0413334 765.04 748.606 -179.995 -1.82221 179.991 7588.41 132.625 87.1613 2250.71 0.514259 7.18604 84.9206 130.105 -79.5876 -0.872687 85.659 190.987 34
"Aval" 34 1782.03 26 113.176 "151.451" 37.7186 32 28.4315 "150.752" 9.47544 7 158.447 "0" 52.806 -279.228 0.0368989 273.024 1213.36 -179.988 2.32739 179.99 8217.05 91.963 72.834 1819.45 0.0586166 14.8232 79.6834 164.923 -171.348 3.13029 61.3386 135.67 35
"Aval" 45 2630.52 26 209.653 "45.8569" 69.8685 38 30.771 "45.2075" 10.2547 12 59.6439 "0" 19.8768 -864.681 0.0253955 931.901 4242.09 -179.986 -0.0541947 179.276 1534.87 -23.1017 107.3 2714.38 0.416089 17.4474 100 134.604 -81.8153 1.30052 169.935 427.064 47
"Aval" 46 543.256 2 296.678 "2.19798" 98.868 2 3.39688 "0" 1.13201 0 0 "-" 0 -331.085 -0.0543918 334.459 6560.23 -179.996 1.49655 179.995 12454 35.2478 65.3253 1568.97 0.119997 4.32348 47.596 63.1154 -41.6424 7.21873 98.413 100.279 48
"Aval" 47 100.964 0 0 "-" 0 0 0 "-" 0 1 300.071 "0" 100 -25.4807 0.000903195 24.0806 42.574 -179.987 20.6252 179.947 9338.09 16.8448 5.61532 15.7281 0.321543 0.949276 3.6151 0.0777447 -28.1613 -7.26576 4.98178 50.8783 49
"Aval" 48 819.111 21 97.1133 "111.85" 32.3622 33 72.1855 "111.051" 24.0553 13 130.683 "0.09991" 43.5492 -366.576 0.0230057 488.298 401.203 -179.966 5.93019 179.969 8702.36 150.79 60.5534 1404.77 0.313873 9.16211 91.2106 125.228 -60.7733 -2.44622 58.3134 65.3063 50
"Aval" 49 130.225 1 300.086 "0" 100 0 0 "-" 0 0 0 "-" 0 -388.398 -0.0793387 219.79 124.299 -179.993 1.61504 179.994 12294.6 23.9036 83.309 2142.14 0.323303 1.47079 53.7702 10.7562 -33.8379 -3.63316 80.4447 28.0262 51
"Aval" 50 2893.58 27 200.06 "59.0087" 66.6667 44 26.5314 "58.2092" 8.84116 18 73.4985 "0" 24.4922 -1620.22 0.0153741 1419.33 2526.41 -179.987 2.12515 179.858 1696.4 -108.579 105.72 2684.47 0.371221 14.4614 100 107.934 -76.5463 -1.62425 84.0453 310.782 52
"Aval" 51 219.016 2 297.484 "0" 99.1342 3 2.3483 "296.785" 0.782551 1 0.249819 "297.534" 0.0832501 -437.338 -0.0655543 380.45 233.02 -179.991 -4.8191 179.995 8992.87 -80.6536 12.0195 71.4458 0.42735 2.02911 56.3568 13.0859 -59.8101 -7.14467 43.8184 28.0505 53
"Aval" 52 2666.72 20 193.812 "78.0944" 64.5854 30 18.187 "77.7946" 6.06061 11 88.0872 "0" 29.354 -493.729 0.0259426 588.651 2418.99 -179.995 -3.27819 179.821 2489.14 -149.213 95.047 2453.57 0.32955 14.9263 83.9916 134.534 -78.2162 1.42072 86.0723 344.405 54
"Aval" 53 161.792 1 299.912 "0.149905" 99.95 0 0 "-" 0 0 0 "-" 0 -8222.17 -1.4939 135.074 11362.4 -179.98 -15.3282 179.974 10963.7 -160.223 9.59926 45.7511 0.42735 1.57684 100 3.90714 -4.50822 13.5491 36.5994 97.4142 55
"Aval" 54 389.311 5 125.243 "169.867" 41.7357 7 4.41675 "169.106" 1.47183 3 170.273 "0.152301" 56.7417 -179.872 0.0122744 153.274 166.558 -179.958 4.88536 179.993 11430.7 -17.0134 61.1806 1426.48 0.333839 3.07154 68.3471 39.8925 -57.1988 1.05296 74.7599 76.8945 56
"Aval" 66 2072.91 27 250.411 "0.299714" 83.4526 36 39.2126 "84.2697" 13.0681 10 10.1403 "85.4686" 3.37939 -467.401 -0.0250512 648.111 1538.21 -179.77 -2.29994 179.992 4384.91 156.254 83.8545 2157.87 0.326087 12.1898 79.7166 119.387 -77.3311 0.616759 72.6531 197.19 68
"Aval" 67 2327.24 22 285.624 "0" 95.1889 24 13.6868 "48.3034" 4.56135 3 0.749277 "132.222" 0.249709 -1168.81 0.00181601 811.497 2455.08 -179.997 1.71984 179.968 3124.3 -6.19933 136.893 3093.72 0.55226 16.8635 100 204.519 -78.0875 -2.66677 77.2733 444.349 69
"Aval" 68 290.296 2 183.123 "116.238" 61.0288 2 1.14889 "115.788" 0.382887 1 115.788 "0" 38.5883 -189.678 0.00316542 247.387 148.161 -179.973 -2.56858 179.995 11253.8 -163.09 131.956 3051.34 0.465116 3.22374 80.3614 36.8389 -62.1698 -9.55475 70.0776 66.1398 70
"Aval" 69 774.359 4 257.823 "0.349692" 85.9164 5 3.64679 "36.6177" 1.21525 2 38.2663 "0.399648" 12.7518 -7550.47 -1.24249 597.662 11511.1 -179.999 -0.86511 179.992 8935.88 -148.554 86.4458 2231 0.285551 5.57527 100 71.8693 -73.1649 -0.633516 69.9402 321.931 71
"Aval" 81 137.359 0 0 "-" 0 0 0 "-" 0 1 299.761 "0.29971" 99.9001 -290.375 -0.000712256 247.019 110.376 -179.969 -11.0931 179.994 9997.42 65.7223 6.08541 18.464 0.450294 1.32967 23.9377 0.820275 -5.32857 7.679 25.5739 54.2335 87
"Aval" 82 1796.84 11 286.177 "1.24881" 95.3721 13 10.7398 "0.799238" 3.57916 3 3.147 "0" 1.04878 -399.186 0.0122056 418.406 686.075 -176.489 0.0863017 177.058 381.086 -35.5175 150.833 3180.16 1.65017 15.603 81.0486 63.5896 -73.8804 -0.696448 78.5409 191.951 88
"Aval" 83 213.991 2 185.026 "113.543" 61.6614 3 1.44864 "113.044" 0.48277 2 113.593 "0" 37.8558 -242.711 -0.00266454 216.645 326.111 -179.997 9.24317 179.993 11705.1 -23.9106 17.3179 146.582 0.4914 2.15118 56.0606 15.8479 -69.1656 2.30328 109.702 60.3451 89
"Aval" 84 299.731 3 299.522 "0.14986" 99.8169 3 0.499536 "0.049953" 0.166472 1 0.049953 "0" 0.016647 -695.474 -0.0695902 584.4 526.849 -179.972 2.8536 179.999 8529.89 -152.703 25.1899 302.417 0.581542 2.97721 76.9192 25.9671 -45.673 -4.83592 74.9775 45.885 90
"Aval" 85 1305.34 10 273.546 "0.499536" 91.1603 15 18.1831 "0.399628" 6.0596 6 8.09248 "0.249768" 2.69685 -636.349 -0.142191 472.832 1816.8 -179.551 0.207651 179.462 1652.55 173.44 69.335 1704.27 1.30478 19.3563 78.3195 138.88 -78.8395 0.654323 168.388 521.14 91
"Aval" 86 749.362 3 146.276 "98.3669" 48.7431 5 53.5048 "97.6175" 17.8292 3 100.265 "0.049957" 33.411 -1588.85 0.0466633 1437.7 2727.88 -179.985 7.729 179.989 4530.64 -69.7673 63.0818 1492.09 0.289108 4.01865 69.9923 47.3965 -176.633 -1.3436 179.802 383.53 92
"Aval" 87 370.068 3 12.7392 "284.61" 4.24505 4 1.89839 "284.16" 0.632595 2 285.459 "0" 95.1224 -394.533 -0.000790359 552.175 2172.6 -179.971 1.53181 179.999 8115.53 46.8321 20.8233 209.801 0.452944 2.53701 72.4138 29.1014 -55.7476 -3.00444 67.7678 34.2836 93
"Aval" 88 1621.87 14 286.169 "0" 95.3713 19 10.3416 "0.699434" 3.44655 6 3.54713 "181.753" 1.18215 -1228.23 -0.0374095 830.601 9513.03 -179.98 7.48684 179.96 5939.81 -81.6114 64.643 1545.66 0.310912 11.4742 91.5211 118 -179.588 2.73816 178.561 484.184 94
"Aval" 89 322.275 2 295.943 "0.09993" 98.618 3 2.44828 "0" 0.815851 1 1.69881 "225.092" 0.566101 -1459.26 -0.504717 348.065 928.068 -180 -1.31546 179.873 8214.47 52.2163 98.9517 2543.93 0.467765 2.32464 100 21.6727 -67.123 0.318724 100.001 51.5142 95
"Aval" 90 315.545 7 77.8417 "207.844" 25.9407 10 10.8918 "204.947" 3.6297 4 211.042 "0.299775" 70.3297 -91.4754 -6.58621e-05 106.244 120.533 -179.999 -12.9785 179.995 8704.96 69.3728 68.1321 1664.01 0.347464 2.85416 57.7654 31.6352 -58.2623 0.897827 59.3976 43.5682 96
"Aval" 100 2854.58 41 231.38 "0.249762" 77.11 55 52.3501 "0.299714" 17.4463 15 16.0847 "35.4662" 5.36041 -11642.8 -1.9372 234.678 23190.8 -179.898 0.466534 179.368 1582.28 -88.5456 126.473 2995.59 0.319744 18.0516 100 86.9444 -70.1804 0.508157 72.6782 168.24 107
"Aval" 101 1170.39 20 41.9595 "165.241" 13.9837 40 64.0882 "162.193" 21.3584 20 194.013 "0" 64.6579 -102.969 0.0188787 114.355 255.201 -179.975 2.13949 179.948 6517.3 -75.1288 65.2975 1568.02 0.392157 8.17072 80.47 98.9641 -68.5864 -0.202337 67.1968 152.914 110
"Aval" 102 1753.61 11 265.244 "15.7848" 88.3969 15 14.8357 "15.3352" 4.94423 5 19.3813 "0.599421" 6.45913 -199.002 -0.000908947 199.663 742.984 -179.07 -0.461517 179.37 1117.34 170.731 160.17 3216.85 0.770416 18.4633 72.5509 106.044 -87.9858 -0.537332 84.1108 362.327 111
"Aval" 103 276.089 0 0 "-" 0 0 0 "-" 0 1 299.722 "0.349675" 99.8835 -226.21 -0.00164626 150.726 600.705 -179.994 1.70525 179.993 18075 -108.686 27.8562 365.933 0 4.4163 34.7427 20.2692 -179.065 0.93813 173.422 54.2433 112
"Aval" 104 1239.9 16 195.038 "65.9451" 65.0017 26 22.0317 "64.846" 7.34266 11 82.6312 "0.349708" 27.5391 -544.532 0.0144638 631.965 5016.16 -179.993 1.97473 180 7069.24 -12.2263 72.0116 1792.66 0.122382 7.30325 61.071 95.644 -70.4593 -4.81564 69.8116 149.181 114
"Aval" 117 1915.39 8 281.728 "8.89142" 93.8905 11 5.99421 "8.64166" 1.99767 4 12.3381 "0" 4.11187 -352.534 -0.0155271 352.82 1861.89 -179.965 3.12195 179.958 5912.7 -76.3054 74.5271 1874.02 0.0164042 10.9774 74.1647 116.936 -160.535 -6.88001 71.5051 222.486 128
"Aval" 118 3334.51 24 266.417 "0.049947" 88.7816 33 24.1244 "0.699258" 8.03928 10 9.48993 "24.0745" 3.16245 -313.898 0.0128179 419.543 1093.77 -179.716 0.631564 179.795 1047.42 -80.9542 124.549 2973.67 0.43554 19.8785 73.8585 85.9902 -74.2512 0.833255 81.6165 143.564 129
"Aval" 119 3627.75 29 261.498 "0" 87.1483 40 26.3746 "47.0546" 8.78975 12 12.1882 "136.468" 4.06193 -387.766 -0.0122017 405.601 926.816 -158.814 0.874134 166.666 89.7119 -119.185 192.148 3270.95 4.21537 19.2774 71.7373 45.8471 -63.5562 1.4134 70.9416 156.953 130
"Aval" 120 3104.8 63 226.687 "0.34967" 75.5452 76 63.2405 "46.1066" 21.0754 14 9.79079 "54.5986" 3.26286 -10016.1 -1.80363 266.043 17667.4 -179.808 0.693921 179.969 1933.24 -7.57723 114.576 2838.29 0.579216 16.6814 100 106.477 -63.2286 1.45403 69.0055 164.02 131
"Aval" 121 3128.66 32 246.918 "0" 82.2873 47 33.6184 "12.4383" 11.2036 16 19.5316 "49.6533" 6.50907 -1870.08 0.00764458 1548.98 7253.13 -179.217 -0.35345 179.96 941.847 167.382 149.923 3175.79 2.00239 17.7596 100 125.661 -173.865 -1.95413 179.188 446.404 132
"Aval" 122 2172.07 10 224.211 "65.9943" 74.7128 14 7.59359 "65.4947" 2.53038 5 67.9426 "0.349704" 22.6403 -314.543 0.00979445 326.669 1386.82 -179.992 -1.04507 179.989 3718.67 -16.7493 107.863 2724.77 0.429185 21.9823 83.713 213.31 -83.2011 4.22589 88.2087 344.354 134
"Aval" 123 2616.48 11 289.445 "2.0482" 96.4541 13 7.4934 "1.84837" 2.49709 3 3.04732 "0.099912" 1.01548 -243.014 0.021363 306.041 1076.55 -179.916 -0.193203 179.985 4265.52 -46.6196 90.1021 2329.49 0.368227 18.9044 80.5505 181.989 -68.3894 -1.51043 72.5106 119.918 135
"Aval" 124 232.515 2 298.719 "0.399691" 99.5504 1 0.949266 "223.078" 0.31635 0 0 "-" 0 -16243.5 -2.89781 217.639 44168.7 -179.944 2.49752 179.992 10074 -150.404 28.5279 382.71 0.376049 1.8962 100 18.0063 -67.8708 -11.3855 33.7075 109.624 136
"Aval" 125 756.762 5 293.78 "0.049962" 97.9021 7 4.59656 "93.9796" 1.5318 3 1.64877 "94.4293" 0.54945 -342.191 -0.145786 642.647 480.861 -179.998 -1.29981 179.936 8403.82 10.5428 54.9427 1209.96 0.38475 5.93708 82.0442 74.304 -70.5256 -0.339845 74.9019 102.877 137
"Aval" 137 1340.16 14 278.585 "1.09895" 92.8417 22 15.4353 "0.599428" 5.144 7 5.44481 "95.1094" 1.81455 -591.011 0.00392096 396.157 1151.01 -179.961 -0.430138 179.982 6140.83 109.648 55.1926 1218.63 0.366143 7.38414 74.9055 91.6647 -77.942 2.00342 128.611 127.944 150
"Aval" 143 2600.75 13 293.574 "0.249764" 97.8359 12 6.24412 "42.9596" 2.08091 0 0 "-" 0 -227.19 0.00267655 274.263 1436.61 -179.994 0.500072 178.229 488.45 -53.7088 132.882 3059.83 3.23661 22.5746 84.8635 131.924 -76.0702 1.05757 75.4949 242.729 157
"Aval" 144 3911.44 44 250.162 "1.84824" 83.3694 58 36.715 "1.29876" 12.2357 15 13.1375 "0.049952" 4.37823 -388.352 0.0366985 342.637 1534.32 -179.742 -0.238337 177.675 259.697 -164.629 179.101 3258.01 4.01606 25.9268 74.0212 77.5755 -70.9838 0.339098 74.386 232.548 158
"Aval" 145 2273.69 26 217.29 "55.3466" 72.4155 30 23.1277 "54.2976" 7.70767 5 59.6424 "0" 19.8768 -165.718 0.0194797 176.589 800.673 -179.955 -0.327598 179.907 3052.92 32.8164 103.963 2649.94 0.364964 22.7174 80.4154 169.374 -177.512 -1.21064 134.728 198.783 159
"Aval" 146 228.436 1 299.711 "0.349662" 99.8835 0 0 "-" 0 0 0 "-" 0 -547.063 -0.190619 158.775 207.97 -179.993 -2.02931 179.992 14261.8 -140.594 24.0336 276.468 0.441014 3.01488 84.9305 32.68 -65.3013 12.4071 58.8644 37.8836 160
"Aval" 147 1342.71 23 233.342 "0" 77.7593 33 45.3595 "124.439" 15.1157 11 21.3809 "125.038" 7.12502 -377.225 -0.0145305 550.009 604.573 -179.999 1.3596 179.974 5227.35 -23.5394 75.2863 1898.21 0.483092 11.1789 85.4107 119.674 -59.4655 -0.842846 70.7207 69.2284 161
"Aval" 148 92.1308 0 0 "-" 0 0 0 "-" 0 1 300.05 "0" 100 -31.7715 0.000987446 28.3693 32.1726 -179.984 30.9817 179.795 6313.1 91.6626 5.71396 16.2841 0.356234 0.925905 7.10966 0.117795 -29.0019 -18.9555 0.609328 33.6255 162
"Aval" 149 276.042 3 201.549 "94.5792" 67.1662 4 6.69499 "90.3324" 2.2311 2 91.7813 "0.049962" 30.5861 -147.617 -0.00518716 145.282 190.1 -179.987 -2.60218 179.988 13805.9 101.857 36.9303 615.756 0.0983284 4.13503 71.3115 57.9804 -38.2072 3.10369 51.0464 31.7038 163
"Aval" 150 682.434 14 144.332 "124.798" 48.1019 20 25.0295 "124.348" 8.34166 7 130.493 "0.199836" 43.4898 -283.19 -0.00848771 500.087 286.786 -179.939 1.28985 179.992 10450.1 79.1278 52.1099 1111.97 0.18018 4.63156 73.3004 80.786 -65.7335 -6.69819 66.0985 180.026 164
"Aval" 151 1489.71 21 162.768 "105.065" 54.2458 23 32.9733 "102.967" 10.989 3 103.716 "0.599515" 34.5654 -218.871 0.0186869 244.115 807.68 -179.982 -3.06017 179.981 5265.58 72.6705 86.2344 2225.13 0.0776398 15.1556 78.1056 119.835 -42.3802 -0.39805 55.7973 70.6049 165
"Aval" 152 4062.63 17 290.27 "0.599421" 96.7371 18 8.74157 "3.34677" 2.91327 2 0.449566 "171.584" 0.149825 -298.794 -0.0367369 586.376 2201.11 -179.818 -0.410667 174.547 288.361 -7.2768 149.763 3175 5.03597 27.9782 94.449 82.854 -173.755 -0.709551 80.9305 222.252 167
"Aval" 153 527.459 7 166.491 "125.93" 55.4853 11 5.69457 "125.281" 1.89779 5 127.878 "0" 42.6169 -394.611 -0.00988545 402.857 469.059 -179.962 4.68306 179.988 9929.87 -25.4802 42.4215 787.015 0.321356 2.5285 74.179 37.109 -81.7211 -9.0507 73.091 65.6847 168
"Aval" 154 389.191 5 293.224 "0.499529" 97.7193 4 6.34403 "225.238" 2.1142 0 0 "-" 0 -419.56 -0.125878 554.544 1960.53 -179.985 10.7798 179.969 6549.99 9.37834 128.124 3013.4 0.219552 3.72584 53.7806 39.5739 -59.578 -5.67386 174.949 223.049 169
"Aval" 155 1202.5 12 116.588 "165.94" 38.8547 16 12.1383 "165.59" 4.04528 5 170.935 "0.399614" 56.9669 -198.594 0.00856703 300.232 565.233 -179.973 -8.32592 179.969 8614.4 179.002 64.0998 1527.06 0.169779 11.1217 87.2716 197.747 -72.1488 -1.69472 72.5635 96.219 170
"Aval" 156 2430.68 24 185.376 "83.6213" 61.7779 32 24.8266 "82.5723" 8.27368 9 89.7156 "0.149858" 29.8985 -377.743 0.0234035 604.943 1267.54 -179.748 -3.61305 179.827 2495.14 48.761 92.6533 2394.83 0.326371 14.6323 83.6389 118.042 -76.1893 -0.457976 73.4832 279.323 171
"Aval" 157 140.723 1 298.626 "1.44867" 99.5172 2 0.949129 "0.399633" 0.316297 1 0.099909 "0.449587" 0.0332947 -8518.16 -1.45858 81.0588 12163.3 -179.991 3.31724 179.99 14564.5 126.676 26.3996 330.613 0.277008 2.12173 100 8.23963 -36.5923 -0.0167502 12.5772 9.39465 172
"Aval" 158 397.58 3 104.463 "191.59" 34.8152 5 2.24813 "191.091" 0.749251 3 193.339 "0" 64.4356 -231.228 -0.0109018 181.518 187.687 -179.994 2.12886 179.996 9492.96 63.0417 25.8367 317.36 0.409277 3.11588 76.3212 36.0221 -63.4006 -1.11565 62.707 52.2864 173
"Aval" 159 2658.05 12 272.793 "0" 90.9091 19 17.6865 "80.5387" 5.89411 8 9.5927 "175.866" 3.1968 -218.269 -0.0100032 228.59 970.804 -179.875 -0.217925 179.617 1421.09 -67.0877 129.244 3024.98 0.607698 20.0053 77.8626 77.9738 -65.3601 -1.55546 63.7084 96.079 174
"Aval" 160 1702.12 18 275.297 "5.39602" 91.7416 22 15.2388 "4.79647" 5.07825 5 8.89345 "0.649521" 2.9637 -479.041 0.0367492 585.899 5799.26 -179.939 4.36431 179.99 5175.71 -53.0606 74.0568 1858.94 0.135712 9.95307 69.7391 92.4642 -72.8198 -3.40996 70.5491 209.019 175
"Aval" 161 3916.41 25 277.965 "0.449701" 92.6395 32 18.038 "0" 6.01166 7 4.04731 "101.233" 1.34888 -1103.03 0.0285497 835.004 6093.77 -179.421 0.307916 179.634 776.237 155.968 127.028 3001.68 1.00913 23.5234 100 160.555 -143.672 -0.524799 122.938 499.744 176
"Aval" 171 1823.94 10 238.817 "47.2538" 79.5905 15 9.14107 "46.9042" 3.04644 6 52.0991 "0" 17.3631 -929.332 0.0224356 961.34 1818.04 -179.996 -0.386835 179.999 6880.49 30.1983 84.6156 2179.62 0.175131 13.8188 78.9128 161.463 -74.4025 -0.965443 114.953 119.26 181
"Aval" 172 804.701 10 279.184 "0.249762" 93.0415 13 14.1365 "0.949095" 4.71117 5 6.49381 "0.299714" 2.16414 -9047.45 -1.56146 669.003 14561.4 -180 -0.413071 179.92 8460.75 50.2759 48.8747 1001.22 0.400229 6.61143 100 78.1552 -88.3147 -4.03938 70.3983 92.9999 188
"Aval" 173 367.802 7 63.7892 "0.299714" 21.2585 42 85.3687 "0" 28.4501 35 150.906 "75.528" 50.2913 -514.206 -0.0546118 1706.73 1288.63 -179.994 -2.66074 179.968 12036 -168.898 47.7084 961.731 0.0830392 3.16048 100 64.8679 -53.001 1.04905 61.9639 23.0551 189
"Aval" 174 2138.14 18 273.992 "0.199811" 91.3101 22 20.3808 "0.649388" 6.79208 6 5.49483 "0.249764" 1.8312 -9457.68 -1.629 520.921 16918.1 -179.918 -1.44005 179.996 3255.27 139.704 92.046 2379.53 0.575741 15.1544 100 148.318 -127.392 -5.40359 79.4422 369.315 190
"Aval" 175 385.623 6 154.427 "119.904" 51.4652 11 12.59 "116.008" 4.1958 6 133.044 "0" 44.339 -1053.46 0.00455017 892.852 619.972 -179.993 3.41407 179.997 13173.8 -87.4257 130.078 3033.34 0.258398 3.43717 94.8885 61.2195 -64.0042 2.69208 58.3003 37.6302 191
"Aval" 176 866.096 11 233.655 "52.4563" 77.8721 16 8.34305 "51.8568" 2.78055 6 58.0017 "0.049958" 19.3307 -332.065 -0.000827828 335.704 464.44 -179.976 2.823 179.924 10937.4 92.1423 46.0481 906.044 0.386372 5.84064 68.2909 82.8898 -62.3254 2.90435 65.1267 169.8 192
"Aval" 177 2729.46 31 152.987 "0.349742" 50.9824 42 29.3784 "106.522" 9.79021 13 117.364 "0.399705" 39.1109 -6015.4 -0.967629 713.804 7200.66 -179.955 1.97941 179.982 5703.45 102.538 84.207 2167.97 0.314663 18.2842 100 214.055 -73.4189 2.56677 90.1593 140.889 193
