"ID" "treatment" "Distance cumulated" "Latency to externe zone" "Time spent in external zone" "Latency to transition zone" "Time spent in transition zone" "Time spent in centre zone" "Acceleration Variance" "Mobility Variance" "Cumulated difference of Curvature angle" "Cumulated difference of Head center angle" "Cumulated difference of Center tail" "Variance of difference of Curvature angle" "Variance of difference of Head center angle" "Variance of difference of Center tail" "pool" "origin_treatment" "weight" "height"
"19" "Amont" 3348.93 0.149862 77.7093 22.6792 16.0979 6.14283 3315.3 81.6126 NA NA NA NA NA NA "Lees Athas" "Lees Athas.Amont" 9.075 100.084
"20" "Amont" 1628.69 17.4848 64.6246 16.8853 18.7448 16.6306 1130.2 110.411 1028351.65101107 702638.025581058 371066.253263079 219.13439302321 17121.1559236472 7412.62988387684 "Lees Athas" "Lees Athas.Amont" 5.177 81.969
"21" "Amont" 450.979 172.275 7.42591 170.377 5.82751 86.7466 927.159 78.3816 1056353.67316209 201354.507466709 875177.500142371 29.532502570043 2240.7085688585 19729.6662365559 "Cauterets" "Cauterets.Amont" 1.888 61.223
"22" "Amont" 927.678 114.056 53.8961 113.507 6.09391 39.8435 4557.07 84.6326 NA NA NA NA NA NA "Lees Athas" "Lees Athas.Amont" 10.54 103.871
"17" "Amont" 2555.31 43.8272 84.4796 43.1775 1.13239 14.388 1685.89 187.789 NA NA 574646.253567506 NA NA 11640.3720316383 "Cauterets" "Cauterets.Amont" 4.78 79.556
"18" "Amont" 1897.71 17.9876 66.7666 17.488 19.9967 13.1369 3642.38 95.5872 NA NA NA NA NA NA "Lees Athas" "Lees Athas.Amont" 6.935 91.188
"23" "Amont" 1460.13 16.9903 75.6536 16.3907 13.5554 10.791 2331.12 158.157 1006560.43347813 592732.103007885 498196.507653283 208.551076575987 12190.6336788074 9337.25935566773 "Lees Athas" "Lees Athas.Amont" 6.277 86.834
"24" "Amont" 305.885 0 96.4417 73.2848 3.5583 0 442.41 30.9451 1051596.70059017 578165.418136066 516221.624536924 20.4158910334577 4777.34278529448 4625.40908409648 "Cauterets" "Cauterets.Amont" 1.68 56.782
"25" "Amont" 769.545 57.9982 51.107 57.4987 26.6356 22.1575 551.208 68.0286 NA NA NA NA NA NA "Lees Athas" "Lees Athas.Amont" 5.249 81.787
"26" "Amont" 998.026 103.057 60.0633 102.008 4.69452 35.2422 475.632 89.7962 1023941.11471353 749153.558536963 358730.035668513 68.8187940345678 16799.4369196185 5554.15174963305 "Cauterets" "Cauterets.Amont" 5.031 78.637
"37" "Amont" 451.129 0.249756 99.9168 NA 0 0 955.51 36.715 NA NA NA NA NA NA "Lees Athas" "Lees Athas.Amont" 5.52 84.271
"38" "Amont" 2430.14 32.0214 73.1813 31.372 11.1537 15.6651 3102.74 91.6057 1028777.23000409 583736.956278057 499295.963156374 106.806862604607 11340.5511094382 9468.49634723209 "Lees Athas" "Lees Athas.Amont" 7.06 89.897
"39" "Amont" 57.0633 NA 0 NA 0 99.8668 21.7499 0.107726 NA NA NA NA NA NA "Lees Athas" "Lees Athas.Amont" 9.399 98.874
"40" "Amont" 61.3528 NA 0 NA 0 100 23.7184 0.478175 1009487.4324938 732209.419718832 420792.013857594 35.0934667196229 9.58305915661023 9.38264107155451 "Lees Athas" "Lees Athas.Amont" 7.092 89.745
"41" "Amont" 196.327 0.499572 1.29848 0.649443 98.0689 0.466123 109.567 24.1169 NA NA NA NA NA NA "Lees Athas" "Lees Athas.Amont" 5.53 84.3
"42" "Amont" 2148.87 15.1396 76.7566 14.7399 11.3553 11.7549 1005.29 87.2246 NA NA NA NA NA NA "Lees Athas" "Lees Athas.Amont" 7.464 91.308
"43" "Amont" 4136.51 0 84.1325 9.54297 12.9371 2.9304 1832.95 81.785 NA NA 537901.734646526 NA NA 10977.6694978986 "Lees Athas" "Lees Athas.Amont" 6.483 87.545
"44" "Amont" 1899.41 31.5771 59.1409 30.9276 26.1905 14.6687 745.36 147.126 1042898.54295788 644911.259831765 444004.416191957 58.8291476489166 10964.2548027358 7604.44246118557 "Cauterets" "Cauterets.Amont" 3.125 68.365
"45" "Amont" 1178.08 0.399724 37.7456 0.099931 44.7885 17.4326 402.042 106.322 NA NA NA NA NA NA "Lees Athas" "Lees Athas.Amont" 4.653 79.09
"46" "Amont" 2369.3 19.1859 84.299 18.5363 6.39361 9.30736 1973.44 97.4203 1015903.43850629 598650.911951547 489035.045083891 138.604629735322 11499.4773536847 8439.85169430986 "Lees Athas" "Lees Athas.Amont" 7.361 90.906
"57" "Amont" 2076.29 0 85.1185 119.528 10.2938 4.58768 768.41 171.711 885445.666350818 534067.347783517 440434.914357448 130.574133616378 11357.9617776439 8536.94330804987 "Cauterets" "Cauterets.Amont" 4.393 78.233
"58" "Amont" 1718.89 178.234 33.5442 175.637 6.74213 59.7137 633.766 121.99 1018663.23211674 512279.451515943 535777.779591018 74.2243351494077 6159.3570395518 6684.76869609559 "Lees Athas" "Lees Athas.Amont" 10.185 104.629
"59" "Amont" 3051.63 0.449587 42.9 1.54858 35.1923 21.7579 1011.57 146.501 NA NA NA NA NA NA "Lees Athas" "Lees Athas.Amont" 5.062 81.349
"61" "Amont" 243.798 280.304 3.64574 278.653 1.85726 94.4798 107.382 53.4164 NA NA NA NA NA NA "Cauterets" "Cauterets.Amont" 1.667 57.518
"62" "Amont" 2880.08 0 93.6397 29.8255 5.21146 1.14885 1401.6 64.4076 1037441.4917778 539034.198227779 546362.589252176 57.4201184966558 11044.3992856964 11281.0801831853 "Cauterets" "Cauterets.Amont" 2.28 63.032
"63" "Amont" 1175 0.399681 94.672 0.299761 3.77955 1.54845 1327.04 201.072 1054629.44960088 336100.289874255 751078.710674089 38.5633412620567 3639.07222303244 8366.741309015 "Cauterets" "Cauterets.Amont" 2.157 61.836
"63" "Amont" 1175 0.399681 94.672 0.299761 3.77955 1.54845 1327.04 201.072 1054629.44960088 336100.289874255 751078.710674089 38.5633412620567 3639.07222303244 8366.741309015 "Cauterets" "Cauterets.Amont" 2.157 61.836
"64" "Amont" 2609.52 11.0671 87.9288 10.4236 6.32504 5.74614 2394.12 217.773 NA NA 435854.986192316 NA NA 11669.7655733716 "Lees Athas" "Lees Athas.Amont" 7.033 92.74
"65" "Amont" 3126.08 38.1778 52.7061 37.1784 21.6486 25.6453 1338.48 137.3 1018947.24350286 602427.124139387 478659.668338252 149.86867351383 12872.9277892465 9540.89619468061 "Lees Athas" "Lees Athas.Amont" 8.024 94.854
"66" "Amont" 2637.22 3.39786 76.1532 2.74827 14.6545 9.15903 1352.87 98.6824 NA NA NA NA NA NA "Lees Athas" "Lees Athas.Amont" 6.496 88.344
"63_bis" "Amont" 1999.95 0.699577 78.8663 0.549667 14.5171 6.39937 4924.03 241.771 NA NA NA NA NA NA NA NA NA NA
"77" "Amont" 129.484 0.099902 0.133178 0.499512 0.0166472 99.8169 5195.45 3.78904 NA NA NA NA NA NA "Cauterets" "Cauterets.Amont" 1.258 52.478
"78" "Amont" 720.812 81.3235 68.3869 80.9239 4.36158 27.2515 601.683 117.206 1046022.93822917 435165.937151942 636530.839387387 25.9564970450668 6919.40800084129 10858.6395920108 "Cauterets" "Cauterets.Amont" 2.151 62.139
"79" "Amont" 405.347 1.09894 98.7515 0.949084 0.48277 0.765773 195.77 47.1815 1037280.9649541 136019.083447903 984398.284533927 21.4961198878542 1133.47357136825 7118.66346018684 "Lees Athas" "Lees Athas.Amont" 3.772 74.026
"80" "Amont" 1234.5 148.858 27.8175 148.059 15.4653 56.7172 482.192 111.388 1005301.19692419 689207.14651598 346448.516077301 83.25453512019 10534.1952088535 5961.73188273542 "Cauterets" "Cauterets.Amont" 5.888 86.234
"81" "Amont" 811.701 0.149857 97.4197 0.049952 2.04761 0.532712 392.742 64.0551 1036459.45936711 673375.589308784 393854.879838273 44.1565810719122 9118.22598368824 5885.79941925356 "Cauterets" "Cauterets.Amont" 3.639 74.175
"82" "Amont" 1024.7 102.854 59.3641 101.206 5.1107 35.5252 1157.67 155.888 NA 572198.997140782 NA NA 9138.36932969777 NA "Cauterets" "Cauterets.Amont" 1.39 52.06
"83" "Amont" 2189.64 0.699367 89.9617 0.499547 6.75878 3.19627 2560.61 96.9954 NA NA NA NA NA NA "Lees Athas" "Lees Athas.Amont" 9.794 98.792
"84" "Amont" 738.014 0.549549 51.6151 0.449631 44.1725 4.0626 461.408 94.0946 NA NA NA NA NA NA NA NA 6.57 90.012
"85" "Amont" 610.136 1.09907 95.7383 0.649451 3.09639 1.14866 4461.14 36.2584 NA NA NA NA NA NA "Lees Athas" "Lees Athas.Amont" 14.006 113.013
"86" "Amont" 4388.99 1.14908 66.4502 0.949243 20.6127 12.6707 5518.77 119.414 NA NA NA NA NA NA "Lees Athas" "Lees Athas.Amont" 6.048 88.452
"97" "Amont" 120.393 52.2995 82.5703 51.4504 0.283003 17.1467 76.1789 7.08057 1066625.06227718 764089.991216844 319912.752911384 4.66328740661642 345.589203214854 281.436112985809 "Cauterets" "Cauterets.Amont" 2.718 67.734
"98" "Amont" 469.695 137.817 2.51373 0.549469 13.5509 83.7523 4076.96 56.2204 NA NA NA NA NA NA "Cauterets" "Cauterets.Amont" 1.472 55.237
"99" "Amont" 979.695 0 99.0678 48.2534 0.932246 0 2503.92 68.1248 1026047.12176336 507462.486173868 542309.024236515 54.671803672823 8020.01451070459 8395.77507897297 "Lees Athas" "Lees Athas.Amont" 7.669 93.985
"100" "Amont" 817.89 3.09701 98.0023 2.49759 1.16531 0.632596 377.237 101.753 NA NA NA NA NA NA "Cauterets" "Cauterets.Amont" 3.619 73.669
"101" "Amont" 2002.27 2.49777 94.4232 1.69848 2.9965 2.56368 1065.14 118.067 NA NA NA NA NA NA "Cauterets" "Cauterets.Amont" 3.167 72.05
"102" "Amont" 2468.62 40.5682 76.8065 39.8188 7.39261 15.7676 723.966 92.4822 NA NA NA NA NA NA "Lees Athas" "Lees Athas.Amont" 6.358 89.535
"103" "Amont" 3448.83 30.9268 76.5901 30.5271 9.90676 13.5032 1665.55 132.393 1015954.45152498 456824.292227894 614632.581254759 128.780900611798 8932.99588994545 13094.4279597675 "Lees Athas" "Lees Athas.Amont" 16 118.454
"104" "Amont" 2800.93 61.2034 71.9947 59.9044 6.07726 21.8615 1188.6 178.305 NA NA NA NA NA NA "Cauterets" "Cauterets.Amont" 1.86 59.723
"105" "Amont" 752.35 196.51 30.2198 196.11 3.21345 66.5668 406.354 68.2872 1016147.73333293 759102.416588648 370210.966149861 61.1595249032312 7214.00171398553 4364.89865767717 "Lees Athas" "Lees Athas.Amont" 6.639 90.471
"118" "Amont" 112.188 NA 0 160.845 41.4017 58.5983 72.307 2.32701 1053841.15061891 398383.238600525 656172.327590848 6.69461511909071 11.4813637982604 13.4118074834729 "Cauterets" "Cauterets.Amont" 2.632 66.603
"119" "Amont" 1875.1 0.299714 93.0415 92.4119 4.96088 1.89779 3912.32 67.5223 NA NA NA NA NA NA "Cauterets" "Cauterets.Amont" 4.325 76.76
"120" "Amont" 530.366 0.549463 98.9679 193.811 0.48277 0.366239 367.352 82.5984 NA NA NA NA NA NA "Cauterets" "Cauterets.Amont" 2.83 66.523
"121" "Amont" 2146.86 0.499512 90.7774 0.299707 7.97403 1.18195 986.566 257.718 NA NA NA NA NA NA "Cauterets" "Cauterets.Amont" 2.29 63.671
"122" "Amont" 1069.42 1.34873 96.5873 1.09896 2.81338 0.549359 1722.09 95.0122 NA NA NA NA NA NA "Cauterets" "Cauterets.Amont" 7.137 90.809
"123" "Amont" 2893.01 0 91.4252 6.79475 7.44256 1.1322 994.28 164.068 1036701.37648064 467023.42321454 615832.439207816 86.1682133897288 8253.08998008767 11894.915287013 "Cauterets" "Cauterets.Amont" 2.754 66.232
"124" "Amont" 152.772 297.627 0.815851 297.577 0.0166501 99.0676 860.883 10.7904 NA NA NA NA NA NA "Cauterets" "Cauterets.Amont" 7.275 92.264
"125" "Amont" 453.321 0 95.2714 0.849384 4.4622 0.2664 149.694 50.3132 1058632.51594764 693134.933267435 373505.462228311 33.407229724369 2657.76344741076 1586.88934321972 "Cauterets" "Cauterets.Amont" 5.443 83.491
"126" "Amont" 75.8535 NA 0 NA 0 100 25.5918 0.302445 1046620.64728258 48047.8208379763 1014310.74280596 8.99102678154572 4.29906552358488 7135.42224825462 "Lees Athas" "Lees Athas.Amont" 7.916 95.586
"127" "Amont" 3976.85 0.399705 73.2767 1.59882 20.363 6.22711 1950.39 121.482 NA NA NA NA NA NA "Lees Athas" "Lees Athas.Amont" 4.8 77.219
"138" "Amont" 1314.23 22.4783 91.6431 22.2286 0.449475 7.89079 655.525 142.814 NA NA NA NA NA NA "Cauterets" "Cauterets.Amont" 1.696 58.457
"139" "Amont" 2636.18 0.099904 90.0449 56.3463 6.92525 2.9965 1301.99 94.2144 NA NA NA NA NA NA "Cauterets" "Cauterets.Amont" 2.472 63.892
"140" "Amont" 2281.05 0.099902 99.9667 NA 0 0 1266.62 99.2123 NA NA NA NA NA NA "Cauterets" "Cauterets.Amont" 4.564 76.662
"141" "Amont" 1041.8 211.299 21.708 210.849 6.54237 71.7496 316.515 157.629 1054166.22455003 592776.47717225 493319.265523892 34.7082370186456 5752.26815545804 4850.33513855595 "Cauterets" "Cauterets.Amont" 2.298 63.474
"142" "Amont" 2191.81 109.448 60.9622 108.999 2.59697 36.4408 1173.54 268.505 1025874.66057396 622685.855799575 475924.358387336 91.4996312219873 11559.4397597928 8117.12062616563 "Cauterets" "Cauterets.Amont" 2.13 62.199
"143" "Amont" 336.059 0 86.9652 234.999 11.5865 1.44831 252.266 63.3764 1058418.58201214 756556.120037626 330605.419381251 15.6670003928517 6878.71013978464 2562.96730649245 "Cauterets" "Cauterets.Amont" 0.786 46.786
"144" "Amont" 1146.36 80.1813 63.2762 79.6817 8.83969 27.751 808.698 255.393 NA NA NA NA NA NA "Cauterets" "Cauterets.Amont" 1.36 55.774
"145" "Amont" 2696.23 21.0332 90.3263 20.6835 1.1655 8.45821 1129.03 70.4387 NA NA NA NA NA NA "Cauterets" "Cauterets.Amont" 6.172 88.274
"146" "Amont" 2338.13 43.6163 78.9211 42.9168 4.8618 16.034 1125.5 158.948 NA NA NA NA NA NA "Cauterets" "Cauterets.Amont" 5.345 82.906
"147" "Amont" 2324.69 24.0811 76.5734 23.7813 9.75691 13.5198 1322.01 172.819 NA NA NA NA NA NA "Lees Athas" "Lees Athas.Amont" 6.537 89.079
"151" "Amont" 1836.91 117.636 45.6467 114.44 11.7197 42.6336 676.404 187.969 1039407.80956411 554428.391921285 539894.864615907 74.0904022499004 9188.10843947209 9026.81760295077 "Cauterets" "Cauterets.Amont" 2.085 62.571
"152" "Amont" 3570.17 18.8818 67.0052 18.3823 21.4084 11.4367 1559.97 111.633 NA NA NA NA NA NA "Cauterets" "Cauterets.Amont" 3.571 73.63
"153" "Amont" 2589.55 0 97.736 1.14893 2.26402 0 1311.84 96.0537 NA NA 535060.10962026 NA NA 10903.9714838557 "Cauterets" "Cauterets.Amont" 2.721 67.548
"154" "Amont" 2850.06 0.249764 97.6194 0.799247 1.76461 0.532712 2254.83 101.334 NA NA NA NA NA NA "Cauterets" "Cauterets.Amont" 1.862 59.624
"155" "Amont" 627.488 0.199955 95.2524 65.8355 2.24888 2.43212 388.272 88.3259 NA NA NA NA NA NA "Lees Athas" "Lees Athas.Amont" 4.035 77.149
"177" "Amont" 90.4787 NA 0 NA 0 99.8169 37.8539 0.531125 NA NA NA NA NA NA "Cauterets" "Cauterets.Amont" 2.318 65.3
"178" "Amont" 2668.63 0.199807 91.4267 15.0355 7.17496 1.33178 1599.25 81.2178 NA NA NA NA NA NA "Cauterets" "Cauterets.Amont" 2.09 60.326
"179" "Amont" 2324.83 0 93.7906 41.1118 3.84551 2.36391 1011.19 71.2811 NA NA 545189.159754334 NA NA 10753.4830173729 "Cauterets" "Cauterets.Amont" 5.526 84.659
"180" "Amont" 122.743 0.249762 0.0166471 NA 0 99.9001 10011.5 1.92242 NA NA NA NA NA NA "Cauterets" "Cauterets.Amont" 3.305 70.08
"182" "Amont" 501.67 129.475 51.6897 129.175 2.36391 43.8322 2611.29 36.4023 NA NA NA NA NA NA "Lees Athas" "Lees Athas.Amont" 20.787 125.93
"183" "Amont" 1510.79 0 88.5966 135.722 7.70767 3.69569 42972.8 124.957 NA NA 487073.769902172 NA NA 6097.07278249247 "Lees Athas" "Lees Athas.Amont" 7.491 95.056
"184" "Amont" 1140.85 114.796 55.3021 113.997 4.31164 40.2031 7620.18 90.4652 NA NA NA NA NA NA "Lees Athas" "Lees Athas.Amont" 10.442 107.561
"185" "Amont" 1691.04 0 91.3268 0.049957 5.95971 2.7135 1316.59 197.621 1022152.05870887 278336.437954102 826561.067360001 84.9993306414837 4861.97852689144 17166.6003833453 "Cauterets" "Cauterets.Amont" 4.025 77.529
"186" "Amont" 315.255 0 100 NA 0 0 3173.4 32.6639 NA NA NA NA NA NA "Lees Athas" "Lees Athas.Amont" 6.251 88.361
"194" "Amont" 2931.53 0 77.8055 41.3705 15.8009 6.39361 2038.75 192.444 1038557.13155692 579795.375631224 504773.16034532 71.1258009034301 12116.6994677928 10067.8669031343 "Lees Athas" "Lees Athas.Amont" 1.765 57.885
"195" "Amont" 530.773 0.149889 91.7582 257.81 6.80986 1.38195 52944 96.6225 NA NA NA NA NA NA "Cauterets" "Cauterets.Amont" 1.895 60.359
"196" "Amont" 827.691 45.4062 75.2788 44.9566 6.79207 17.9291 904.435 90.9736 1017439.82712462 600933.846849413 485655.018410972 76.0049526334653 11402.5534033623 8049.56487081954 NA NA NA NA
"197" "Amont" 3285.43 54.9976 79.6571 54.6479 1.91443 18.4285 2641.74 275.229 NA NA 558036.07763153 NA NA 10772.4294987811 "Cauterets" "Cauterets.Amont" 1.89 60.038
"198" "Amont" 806.447 143.162 50.9239 142.213 1.68137 47.3947 1828.65 65.8381 1035970.26575644 424285.114330741 649197.743790411 70.199091268924 4948.64199458879 13390.9586216452 "Lees Athas" "Lees Athas.Amont" 17.65 107.254
"199" "Amont" 1767.16 124.283 50.025 123.784 6.9752 42.9998 807.901 214.524 1039703.73046334 367962.131975029 709928.006618715 97.3291077139994 6207.58877178901 12984.6563455983 "Cauterets" "Cauterets.Amont" 2.471 66.199
"200" "Amont" 1503.87 0.249764 82.9033 0 10.9872 6.10954 2262.02 101.117 1034262.44687222 603132.663210471 473792.729301529 75.5004845858763 10615.6755025953 9049.59962748684 "Lees Athas" "Lees Athas.Amont" 12.228 107.093
"201" "Amont" 180.768 197.122 34.31 196.622 0.166472 65.5236 91.8836 19.1121 1048413.47021555 571930.89335301 529681.016615545 24.042369427482 832.485271236587 964.734571172446 "Cauterets" "Cauterets.Amont" 2.976 66.77
"202" "Amont" 3331.28 0.399672 93.4232 14.2883 5.07826 1.3653 6975.15 194.564 NA NA NA NA NA NA "Lees Athas" "Lees Athas.Amont" 5.238 78.696
"203" "Amont" 153.139 116.353 61.2221 115.554 0.2664 38.4615 176.18 5.57459 NA NA NA NA NA NA "Cauterets" "Cauterets.Amont" 3.879 74.81
"204" "Amont" 556.406 76.5399 68.1985 5.64557 28.6047 3.11355 251.711 95.2567 NA NA NA NA NA NA "Cauterets" "Cauterets.Amont" 3.477 71.741
"205" "Amont" 759.031 0.149855 55.735 120.084 2.84668 41.3684 12197.6 110.68 NA NA NA NA NA NA "Cauterets" "Cauterets.Amont" 1.59 55.708
"206" "Amont" 1685.15 97.1063 62.9932 93.2101 5.31047 31.6298 885.039 217.338 NA NA NA NA NA NA "Cauterets" "Cauterets.Amont" 1.613 57.339
"207" "Amont" 2819.44 0 95.6051 63.3926 2.97986 1.41502 32843.9 112.767 NA NA NA NA NA NA "Cauterets" "Cauterets.Amont" 4.211 78.432
"208" "Amont" 73.5938 0 100 NA 0 0 36.5109 1.60182 951495.953621929 618148.225589759 333921.76831434 69.2223477966017 46.4065438370725 18.7051114290949 "Cauterets" "Cauterets.Amont" 3.479 73.283
"209" "Amont" 1265.78 77.9267 70.7341 77.2273 3.0298 26.2361 37489.3 209.237 NA NA NA NA NA NA "Lees Athas" "Lees Athas.Amont" 13.26 111.727
"210" "Amont" 2520.81 74.5861 66.9053 74.1864 6.55902 26.4358 4678.46 144.374 NA NA NA NA NA NA "Lees Athas" "Lees Athas.Amont" 5.192 80.728
"211" "Amont" 986.988 1.44893 98.9677 1.19912 0.366301 0.38295 7292.77 50.6464 NA NA NA NA NA NA "Lees Athas" "Lees Athas.Amont" 13.19 112.687
"212" "Amont" 717.563 0.199852 83.9161 0.149889 0.34965 15.701 19669.3 84.907 NA NA NA NA NA NA "Lees Athas" "Lees Athas.Amont" 8.734 102.774
"213" "Amont" 1020 175.621 30.303 0 66.367 3.33 495.271 168.19 1054650.75822659 827084.198976543 254173.430463017 47.3915235081702 10968.1892367725 4556.3152671337 "Cauterets" "Cauterets.Amont" 1.682 57.469
"214" "Amont" 2711.25 0 96.1205 59.7553 2.4975 1.38195 1401.68 97.576 NA NA 588167.655722241 NA NA 12166.0291777658 "Cauterets" "Cauterets.Amont" 3.064 67.888
"11" "Aval" 1109.84 170.54 37.8225 169.79 4.26169 57.9158 1085.05 244.65 1046942.29555312 539513.536846636 537074.716475266 54.6459653379534 7223.53990410968 6781.03979974299 "Cauterets" "Cauterets.Aval" 1.033 49.689
"12" "Aval" 774.716 195.714 32.2624 195.364 2.18079 65.5069 674.066 138.407 NA NA NA NA NA NA "Cauterets" "Cauterets.Aval" 1.798 58.275
"13" "Aval" 1667.09 0.049952 60.6459 110.196 1.89779 37.4397 12801.6 225.307 NA NA NA NA NA NA "Cauterets" "Cauterets.Aval" 1.626 57.644
"14" "Aval" 3035.85 0 92.9749 0.799276 6.24272 0.78242 2724.75 167.657 NA NA NA NA NA NA "Cauterets" "Cauterets.Aval" 1.704 56.881
"15" "Aval" 920.542 94.8653 66.7555 93.6164 2.04761 31.0138 349.249 103.354 NA NA NA NA NA NA "Cauterets" "Cauterets.Aval" 3.823 74.055
"16" "Aval" 1679.43 119.047 40.3696 118.397 15.3488 44.2817 1747.13 111.452 1001733.27688875 587871.525556685 540533.195281412 119.706568691 10416.886497896 8633.5822310709 "Lees Athas" "Lees Athas.Aval" 7.844 94.31
"27" "Aval" 457.833 46.7083 81.2219 0 17.2465 1.53155 677.205 37.6256 NA NA NA NA NA NA "Lees Athas" "Lees Athas.Aval" 10.67 102.345
"28" "Aval" 494.065 262.965 10.7375 261.616 1.93108 87.3314 2467.18 48.2308 1037722.86664479 230796.302382834 815261.971162113 27.1178732334651 1496.84281080053 2891.81875672426 "Lees Athas" "Lees Athas.Aval" 8.602 96.727
"29" "Aval" 1007.97 169.75 38.5217 169.051 3.41269 58.0656 410.529 171.492 1046424.20739966 379095.598856516 698936.949493618 54.1346923131264 4848.50811332263 9185.03989503219 "Cauterets" "Cauterets.Aval" 1.844 60.564
"30" "Aval" 344.896 104.955 64.074 104.606 0.916056 35.01 293.256 30.301 1012257.25428425 505563.004525861 513114.756639483 37.3033014654976 2131.6777736914 1898.66029515593 "Lees Athas" "Lees Athas.Aval" 11.658 109.63
"31" "Aval" 2289.33 122.849 55.994 122.35 2.24775 41.7582 1381.68 234.114 1036890.11899894 390393.062481114 701222.729020717 89.3270281108365 6700.46122477911 12793.4128616396 "Cauterets" "Cauterets.Aval" 2.88 67.903
"32" "Aval" 2127.97 62.3071 75.8575 62.0073 2.6307 21.5118 1442.26 168.082 NA NA 596664.423538833 NA NA 11311.3290493029 "Cauterets" "Cauterets.Aval" 3.955 74.397
"33" "Aval" 948.456 92.2387 60.5329 91.5891 7.21066 32.2565 870.147 139.681 1054132.21826119 692984.167254456 388180.974523996 33.1808153580185 14599.1507375047 5720.89234692806 "Cauterets" "Cauterets.Aval" 3.215 72.233
"34" "Aval" 753.507 0.299829 99.9001 NA 0 0 748.606 130.105 NA NA NA NA NA NA "Lees Athas" "Lees Athas.Aval" 10.782 103.105
"35" "Aval" 1782.03 151.451 37.7186 150.752 9.47544 52.806 1213.36 164.923 1025492.62061479 529550.777126399 535452.841000456 60.3214399047505 7255.03448439614 7508.99705019998 "Cauterets" "Cauterets.Aval" 2.675 67.709
"47" "Aval" 2630.52 45.8569 69.8685 45.2075 10.2547 19.8768 4242.09 134.604 NA NA 483648.119335538 NA NA 9124.01606362972 "Lees Athas" "Lees Athas.Aval" 9.887 98.734
"48" "Aval" 543.256 2.19798 98.868 0 1.13201 0 6560.23 63.1154 NA NA NA NA NA NA "Cauterets" "Cauterets.Aval" 5.722 86.029
"49" "Aval" 100.964 NA 0 NA 0 100 42.574 0.0777447 1036128.01115299 962548.410283928 162357.011072596 47.2202574527371 38.3785540807702 136.037015321364 "Cauterets" "Cauterets.Aval" 8.197 95.314
"50" "Aval" 819.111 111.85 32.3622 111.051 24.0553 43.5492 401.203 125.228 NA NA NA NA NA NA "Cauterets" "Cauterets.Aval" 2.417 65.489
"51" "Aval" 130.225 0 100 NA 0 0 124.299 10.7562 1053419.74433971 661628.167694431 414539.432595536 20.0147141400458 12266.9438286914 4609.66179303086 "Lees Athas" "Lees Athas.Aval" 8.754 94.894
"52" "Aval" 2893.58 59.0087 66.6667 58.2092 8.84116 24.4922 2526.41 107.934 1008050.68016495 516628.57587752 557301.709599897 165.545330261857 9554.27642008152 10779.0484032426 "Lees Athas" "Lees Athas.Aval" 14.689 116.429
"53" "Aval" 219.016 0 99.1342 296.785 0.782551 0.0832501 233.02 13.0859 1034435.81646825 619958.468991154 418438.584835749 18.7808827805493 191.851062194143 389.339461856645 "Lees Athas" "Lees Athas.Aval" 6.491 88.548
"54" "Aval" 2666.72 78.0944 64.5854 77.7946 6.06061 29.354 2418.99 134.534 1002465.50160499 451545.35738035 643221.20654456 175.065122562096 8418.00180161769 13186.9253605741 "Lees Athas" "Lees Athas.Aval" 13.986 114.807
"55" "Aval" 161.792 0.149905 99.95 NA 0 0 11362.4 3.90714 NA NA NA NA NA NA "Cauterets" "Cauterets.Aval" 4.884 80.379
"56" "Aval" 389.311 169.867 41.7357 169.106 1.47183 56.7417 166.558 39.8925 NA NA NA NA NA NA "Cauterets" "Cauterets.Aval" 6.897 88.118
"68" "Aval" 2072.91 0.299714 83.4526 84.2697 13.0681 3.37939 1538.21 119.387 NA NA NA NA NA NA "Lees Athas" "Lees Athas.Aval" 7.347 95.096
"69" "Aval" 2327.24 0 95.1889 48.3034 4.56135 0.249709 2455.08 204.519 NA NA 534995.041366452 NA NA 11282.6831954946 "Lees Athas" "Lees Athas.Aval" 12.279 112.583
"70" "Aval" 290.296 116.238 61.0288 115.788 0.382887 38.5883 148.161 36.8389 1016751.62222318 517913.639049116 556659.175116899 42.1055581439987 7921.4374352535 8857.16897079094 "Cauterets" "Cauterets.Aval" 4.954 82.252
"71" "Aval" 774.359 0.349692 85.9164 36.6177 1.21525 12.7518 11511.1 71.8693 NA NA NA NA NA NA "Lees Athas" "Lees Athas.Aval" 7.828 95.649
"87" "Aval" 137.359 NA 0 NA 0 99.9001 110.376 0.820275 NA NA NA NA NA NA "Cauterets" "Cauterets.Aval" 5.374 82.978
"88" "Aval" 1796.84 1.24881 95.3721 0.799238 3.57916 1.04878 686.075 63.5896 NA 547967.044844045 NA NA 10931.2234958616 NA "Lees Athas" "Lees Athas.Aval" 4.732 81.207
"89" "Aval" 213.991 113.543 61.6614 113.044 0.48277 37.8558 326.111 15.8479 1050717.37305251 922213.722818935 175281.780041998 39.794374692991 501.604339488261 293.535408995594 "Lees Athas" "Lees Athas.Aval" 11.107 106.739
"90" "Aval" 299.731 0.14986 99.8169 0.049953 0.166472 0.016647 526.849 25.9671 1040514.09059714 198382.287452273 855127.139296527 23.2572463601508 612.841798822432 1054.96054614408 "Lees Athas" "Lees Athas.Aval" 6.623 91.634
"91" "Aval" 1305.34 0.499536 91.1603 0.399628 6.0596 2.69685 1816.8 138.88 NA NA NA NA NA NA "Lees Athas" "Lees Athas.Aval" 5.182 81.039
"92" "Aval" 749.362 98.3669 48.7431 97.6175 17.8292 33.411 2727.88 47.3965 NA NA NA NA NA NA "Lees Athas" "Lees Athas.Aval" 17.592 123.995
"93" "Aval" 370.068 284.61 4.24505 284.16 0.632595 95.1224 2172.6 29.1014 1054674.71053078 783073.319428983 317346.504616521 23.7214472021525 1492.28719144206 665.436609137885 "Lees Athas" "Lees Athas.Aval" 7.158 91.554
"94" "Aval" 1621.87 0 95.3713 0.699434 3.44655 1.18215 9513.03 118 NA 563479.617761083 NA NA 6953.45787194647 NA "Lees Athas" "Lees Athas.Aval" 11.915 111.997
"95" "Aval" 322.275 0.09993 98.618 0 0.815851 0.566101 928.068 21.6727 1057469.7697958 636834.231232242 456794.916678051 36.1597576936235 7504.33006398863 10000.9843915059 "Lees Athas" "Lees Athas.Aval" 12.102 107.682
"96" "Aval" 315.545 207.844 25.9407 204.947 3.6297 70.3297 120.533 31.6352 NA NA NA NA NA NA "Lees Athas" "Lees Athas.Aval" 4.77 79.769
"107" "Aval" 2854.58 0.249762 77.11 0.299714 17.4463 5.36041 23190.8 86.9444 NA NA NA NA NA NA "Cauterets" "Cauterets.Aval" 4.443 79.485
"110" "Aval" 1170.39 165.241 13.9837 162.193 21.3584 64.6579 255.201 98.9641 1031563.28947748 584813.246744675 502035.61516102 84.4983493291772 7342.76331224535 6963.57257408515 "Lees Athas" "Lees Athas.Aval" 8.374 97.671
"111" "Aval" 1753.61 15.7848 88.3969 15.3352 4.94423 6.45913 742.984 106.044 NA NA NA NA NA NA "Cauterets" "Cauterets.Aval" 3.532 71.505
"112" "Aval" 276.089 NA 0 NA 0 99.8835 600.705 20.2692 NA NA NA NA NA NA "Cauterets" "Cauterets.Aval" 1.338 54.498
"114" "Aval" 1239.9 65.9451 65.0017 64.846 7.34266 27.5391 5016.16 95.644 NA NA NA NA NA NA "Lees Athas" "Lees Athas.Aval" 10.475 105.777
"128" "Aval" 1915.39 8.89142 93.8905 8.64166 1.99767 4.11187 1861.89 116.936 1004120.2031921 584066.065184826 458506.452076608 104.8926101366 8103.5733963004 6872.32617446487 "Cauterets" "Cauterets.Aval" 6.9 89.097
"129" "Aval" 3334.51 0.049947 88.7816 0.699258 8.03928 3.16245 1093.77 85.9902 NA NA NA NA NA NA "Cauterets" "Cauterets.Aval" 3.826 75.519
"130" "Aval" 3627.75 0 87.1483 47.0546 8.78975 4.06193 926.816 45.8471 1029694.82735157 536009.745952551 549031.263297964 85.2507545662126 10760.6582308005 11148.1927794559 "Cauterets" "Cauterets.Aval" 5.27 83.44
"131" "Aval" 3104.8 0.34967 75.5452 46.1066 21.0754 3.26286 17667.4 106.477 NA NA NA NA NA NA "Lees Athas" "Lees Athas.Aval" 5.483 83.042
"132" "Aval" 3128.66 0 82.2873 12.4383 11.2036 6.50907 7253.13 125.661 NA NA NA NA NA NA "Lees Athas" "Lees Athas.Aval" 14.555 117.454
"134" "Aval" 2172.07 65.9943 74.7128 65.4947 2.53038 22.6403 1386.82 213.31 NA NA NA NA NA NA "Cauterets" "Cauterets.Aval" 3.176 71.707
"135" "Aval" 2616.48 2.0482 96.4541 1.84837 2.49709 1.01548 1076.55 181.989 NA NA NA NA NA NA "Lees Athas" "Lees Athas.Aval" 3.267 71.076
"136" "Aval" 232.515 0.399691 99.5504 223.078 0.31635 0 44168.7 18.0063 NA NA NA NA NA NA "Lees Athas" "Lees Athas.Aval" 7.261 90.339
"137" "Aval" 756.762 0.049962 97.9021 93.9796 1.5318 0.54945 480.861 74.304 NA NA NA NA NA NA "Lees Athas" "Lees Athas.Aval" 6.336 87.058
"150" "Aval" 1340.16 1.09895 92.8417 0.599428 5.144 1.81455 1151.01 91.6647 NA NA NA NA NA NA "Lees Athas" "Lees Athas.Aval" 10.416 103.842
"157" "Aval" 2600.75 0.249764 97.8359 42.9596 2.08091 0 1436.61 131.924 NA NA NA NA NA NA "Cauterets" "Cauterets.Aval" 2.877 67.255
"158" "Aval" 3911.44 1.84824 83.3694 1.29876 12.2357 4.37823 1534.32 77.5755 NA NA NA NA NA NA "Cauterets" "Cauterets.Aval" 3.415 71.998
"159" "Aval" 2273.69 55.3466 72.4155 54.2976 7.70767 19.8768 800.673 169.374 NA NA 493677.900052926 NA NA 9168.77171778352 "Cauterets" "Cauterets.Aval" 1.665 56.512
"160" "Aval" 228.436 0.349662 99.8835 NA 0 0 207.97 32.68 NA NA NA NA NA NA "Cauterets" "Cauterets.Aval" 2.03 61.201
"161" "Aval" 1342.71 0 77.7593 124.439 15.1157 7.12502 604.573 119.674 1052643.9902637 703031.807901176 377493.150726899 47.241777402362 12472.9894816719 6299.87115721251 "Lees Athas" "Lees Athas.Aval" 2.961 67.597
"162" "Aval" 92.1308 NA 0 NA 0 100 32.1726 0.117795 967231.797580598 482442.859979114 712484.12409849 33.6179196789302 9.36951780086486 8.37682872765195 "Lees Athas" "Lees Athas.Aval" 8.93 99.034
"163" "Aval" 276.042 94.5792 67.1662 90.3324 2.2311 30.5861 190.1 57.9804 NA NA NA NA NA NA "Cauterets" "Cauterets.Aval" 1.48 55.331
"164" "Aval" 682.434 124.798 48.1019 124.348 8.34166 43.4898 286.786 80.786 NA NA NA NA NA NA "Lees Athas" "Lees Athas.Aval" 7.167 97.331
"165" "Aval" 1489.71 105.065 54.2458 102.967 10.989 34.5654 807.68 119.835 NA NA NA NA NA NA "Cauterets" "Cauterets.Aval" 2.024 67.005
"167" "Aval" 4062.63 0.599421 96.7371 3.34677 2.91327 0.149825 2201.11 82.854 NA NA NA NA NA NA "Cauterets" "Cauterets.Aval" 4.136 76.319
"168" "Aval" 527.459 125.93 55.4853 125.281 1.89779 42.6169 469.059 37.109 NA NA NA NA NA NA "Lees Athas" "Lees Athas.Aval" 16.622 119.652
"169" "Aval" 389.191 0.499529 97.7193 225.238 2.1142 0 1960.53 39.5739 NA NA NA NA NA NA "Lees Athas" "Lees Athas.Aval" 13.534 113.838
"170" "Aval" 1202.5 165.94 38.8547 165.59 4.04528 56.9669 565.233 197.747 NA NA NA NA NA NA "Cauterets" "Cauterets.Aval" 2.561 68.693
"171" "Aval" 2430.68 83.6213 61.7779 82.5723 8.27368 29.8985 1267.54 118.042 NA NA NA NA NA NA "Cauterets" "Cauterets.Aval" 5.604 83.219
"172" "Aval" 140.723 1.44867 99.5172 0.399633 0.316297 0.0332947 12163.3 8.23963 NA NA NA NA NA NA "Cauterets" "Cauterets.Aval" 1.404 53.6
"173" "Aval" 397.58 191.59 34.8152 191.091 0.749251 64.4356 187.687 36.0221 1046931.69555274 679563.78755984 408370.048440674 21.1987374720346 1933.16712701185 1247.24104029136 "Cauterets" "Cauterets.Aval" 5.598 84.504
"174" "Aval" 2658.05 0 90.9091 80.5387 5.89411 3.1968 970.804 77.9738 NA NA 536583.592379028 NA NA 10810.222155413 "Cauterets" "Cauterets.Aval" 1.872 60.633
"175" "Aval" 1702.12 5.39602 91.7416 4.79647 5.07825 2.9637 5799.26 92.4642 NA NA NA NA NA NA "Lees Athas" "Lees Athas.Aval" 10.149 102.67
"176" "Aval" 3916.41 0.449701 92.6395 0 6.01166 1.34888 6093.77 160.555 NA NA NA NA NA NA "Lees Athas" "Lees Athas.Aval" 8.603 98.595
"181" "Aval" 1823.94 47.2538 79.5905 46.9042 3.04644 17.3631 1818.04 161.463 NA NA NA NA NA NA "Cauterets" "Cauterets.Aval" 2.262 69.277
"188" "Aval" 804.701 0.249762 93.0415 0.949095 4.71117 2.16414 14561.4 78.1552 NA NA NA NA NA NA "Lees Athas" "Lees Athas.Aval" 3.672 75.823
"189" "Aval" 367.802 0.299714 21.2585 0 28.4501 50.2913 1288.63 64.8679 1065380.73523752 197237.072129616 875764.649436962 17.166645748208 2563.79357638752 16028.2315339969 "Lees Athas" "Lees Athas.Aval" 3.638 77.426
"190" "Aval" 2138.14 0.199811 91.3101 0.649388 6.79208 1.8312 16918.1 148.318 NA NA NA NA NA NA "Lees Athas" "Lees Athas.Aval" 9.128 97.663
"191" "Aval" 385.623 119.904 51.4652 116.008 4.1958 44.339 619.972 61.2195 1054849.20235324 541154.486349514 537815.757597328 25.8010895402561 8735.98923077457 8077.82208329123 "Lees Athas" "Lees Athas.Aval" 3.526 75.941
"192" "Aval" 866.096 52.4563 77.8721 51.8568 2.78055 19.3307 464.44 82.8898 NA NA NA NA NA NA "Lees Athas" "Lees Athas.Aval" 5.939 84.346
"193" "Aval" 2729.46 0.349742 50.9824 106.522 9.79021 39.1109 7200.66 214.055 NA NA NA NA NA NA "Cauterets" "Cauterets.Aval" 2.258 64.321
