"ID" "treatment" "Distance cumulated" "Latency to externe zone" "Time spent in external zone" "Latency to transition zone" "Time spent in transition zone" "Time spent in centre zone" "Acceleration Variance" "Mobility Variance" "Cumulated difference of Curvature angle" "Cumulated difference of Head center angle" "Cumulated difference of Center tail" "Variance of difference of Curvature angle" "Variance of difference of Head center angle" "Variance of difference of Center tail" "pool" "origin_treatment" "weight" "height"
"19" "Amont" 3348.93 0.149862 77.7093 22.6792 16.0979 6.14283 3315.3 81.6126 29859.3580438472 23971.0016583929 27663.7714387648 28.4668258195069 47.1141846188811 33.3038444790487 "Lees Athas" "Lees Athas.Amont" 9.075 100.084
"20" "Amont" 1628.69 17.4848 64.6246 16.8853 18.7448 16.6306 1130.2 110.411 34774.5247573642 42939.421932209 31879.4846818861 183.726227565075 682.629319559685 176.470938605038 "Lees Athas" "Lees Athas.Amont" 5.177 81.969
"21" "Amont" 450.979 172.275 7.42591 170.377 5.82751 86.7466 927.159 78.3816 17420.478016654 25502.6490861145 17140.1519307208 27.178813318335 197.726246268214 203.036912524257 "Cauterets" "Cauterets.Amont" 1.888 61.223
"22" "Amont" 927.678 114.056 53.8961 113.507 6.09391 39.8435 4557.07 84.6326 30076.5487534632 35978.8922681145 15296.9400671137 42.871634051134 134.551582295218 12.1568119956862 "Lees Athas" "Lees Athas.Amont" 10.54 103.871
"17" "Amont" 2555.31 43.8272 84.4796 43.1775 1.13239 14.388 1685.89 187.789 31181.1757355469 28079.1855494786 31262.528086607 32.3466153537556 47.2133478279786 41.9067203412698 "Cauterets" "Cauterets.Amont" 4.78 79.556
"18" "Amont" 1897.71 17.9876 66.7666 17.488 19.9967 13.1369 3642.38 95.5872 23573.3947718765 20469.4846141351 19721.7279767623 15.7175425432807 26.829003898085 22.3502363132768 "Lees Athas" "Lees Athas.Amont" 6.935 91.188
"23" "Amont" 1460.13 16.9903 75.6536 16.3907 13.5554 10.791 2331.12 158.157 30943.0243853462 26834.4632731561 27561.0538380229 41.3733951558369 117.960751372637 84.4249868238362 "Lees Athas" "Lees Athas.Amont" 6.277 86.834
"24" "Amont" 305.885 0 96.4417 73.2848 3.5583 0 442.41 30.9451 18347.0441857294 17673.4833951395 10022.8625849458 9.46241603203184 8.0829813665574 3.4727685998887 "Cauterets" "Cauterets.Amont" 1.68 56.782
"25" "Amont" 769.545 57.9982 51.107 57.4987 26.6356 22.1575 551.208 68.0286 26636.3976466306 16752.6671694896 17244.2825299835 23.212935710654 17.9007527140755 17.3274123464241 "Lees Athas" "Lees Athas.Amont" 5.249 81.787
"26" "Amont" 998.026 103.057 60.0633 102.008 4.69452 35.2422 475.632 89.7962 23228.7204239786 19293.4437903543 16015.8153926947 14.7682933513185 28.5507182978321 27.1989026977299 "Cauterets" "Cauterets.Amont" 5.031 78.637
"37" "Amont" 451.129 0.249756 99.9168 NA 0 0 955.51 36.715 18412.5713104171 13108.1467716102 11054.8989253678 11.2820205411612 23.2476275867404 14.70762947602 "Lees Athas" "Lees Athas.Amont" 5.52 84.271
"38" "Amont" 2430.14 32.0214 73.1813 31.372 11.1537 15.6651 3102.74 91.6057 25359.5324813404 23324.7959356134 24089.1228339822 19.6623177518256 81.2154572376395 70.0998872794828 "Lees Athas" "Lees Athas.Amont" 7.06 89.897
"39" "Amont" 57.0633 NA 0 NA 0 99.8668 21.7499 0.107726 23586.4578053645 12688.1929654968 11593.1968927163 12.2449334715465 3.32857777329228 2.86795508142033 "Lees Athas" "Lees Athas.Amont" 9.399 98.874
"40" "Amont" 61.3528 NA 0 NA 0 100 23.7184 0.478175 43646.7835864025 22477.2323133826 21871.8088326482 38.6425987259317 8.81041331377003 10.3785010884302 "Lees Athas" "Lees Athas.Amont" 7.092 89.745
"41" "Amont" 196.327 0.499572 1.29848 0.649443 98.0689 0.466123 109.567 24.1169 18173.5753212221 10847.2238507597 9820.62233981324 11.0337115543757 5.45035794001868 6.30482855871282 "Lees Athas" "Lees Athas.Amont" 5.53 84.3
"42" "Amont" 2148.87 15.1396 76.7566 14.7399 11.3553 11.7549 1005.29 87.2246 27459.862023331 21152.4379184591 22420.4647170706 19.493309824672 26.2675328159168 19.8028465664631 "Lees Athas" "Lees Athas.Amont" 7.464 91.308
"43" "Amont" 4136.51 0 84.1325 9.54297 12.9371 2.9304 1832.95 81.785 33761.1201388648 27682.061932311 32885.3775933148 26.0688198640728 27.86704496924 28.3455330532845 "Lees Athas" "Lees Athas.Amont" 6.483 87.545
"44" "Amont" 1899.41 31.5771 59.1409 30.9276 26.1905 14.6687 745.36 147.126 23727.266319202 23327.1429203541 23569.9527876174 19.0842947281648 37.8984995296946 37.812073164683 "Cauterets" "Cauterets.Amont" 3.125 68.365
"45" "Amont" 1178.08 0.399724 37.7456 0.099931 44.7885 17.4326 402.042 106.322 23177.450676906 18472.0848707674 17745.0848154129 17.6753096194144 16.8486706282319 15.9539732167651 "Lees Athas" "Lees Athas.Amont" 4.653 79.09
"46" "Amont" 2369.3 19.1859 84.299 18.5363 6.39361 9.30736 1973.44 97.4203 28729.0030766462 23184.654174413 23853.2899043586 21.5432100204922 43.4146345764349 40.4479782739471 "Lees Athas" "Lees Athas.Amont" 7.361 90.906
"57" "Amont" 2076.29 0 85.1185 119.528 10.2938 4.58768 768.41 171.711 33060.9497964106 25808.4280600154 27534.8996274607 36.5236907640347 42.5749880167033 41.2294052825541 "Cauterets" "Cauterets.Amont" 4.393 78.233
"58" "Amont" 1718.89 178.234 33.5442 175.637 6.74213 59.7137 633.766 121.99 32685.4736196906 20569.7277093035 23122.0402752749 31.2965590030734 16.7412592495445 16.2815195742272 "Lees Athas" "Lees Athas.Amont" 10.185 104.629
"59" "Amont" 3051.63 0.449587 42.9 1.54858 35.1923 21.7579 1011.57 146.501 32960.9443144372 29436.4529720689 33432.9642651793 30.6728061589299 42.2790170646895 37.9756184617168 "Lees Athas" "Lees Athas.Amont" 5.062 81.349
"61" "Amont" 243.798 280.304 3.64574 278.653 1.85726 94.4798 107.382 53.4164 17550.1419737765 14445.095530221 8608.23488876045 8.24250704492008 8.47561501180915 5.27413339818058 "Cauterets" "Cauterets.Amont" 1.667 57.518
"62" "Amont" 2880.08 0 93.6397 29.8255 5.21146 1.14885 1401.6 64.4076 28434.4143917173 26616.240523077 30834.1306006697 17.2099184364894 27.7695984090149 25.4269954832519 "Cauterets" "Cauterets.Amont" 2.28 63.032
"63" "Amont" 1175 0.399681 94.672 0.299761 3.77955 1.54845 1327.04 201.072 17973.6286694047 16958.8451226695 16236.9886561937 16.7911476631501 21.3419160691846 24.0778783679408 "Cauterets" "Cauterets.Amont" 2.157 61.836
"63" "Amont" 1175 0.399681 94.672 0.299761 3.77955 1.54845 1327.04 201.072 17973.6286694047 16958.8451226695 16236.9886561937 16.7911476631501 21.3419160691846 24.0778783679408 "Cauterets" "Cauterets.Amont" 2.157 61.836
"64" "Amont" 2609.52 11.0671 87.9288 10.4236 6.32504 5.74614 2394.12 217.773 33054.3526942805 32950.2913879933 36815.0509068964 49.094131248772 174.474286769835 175.782464625965 "Lees Athas" "Lees Athas.Amont" 7.033 92.74
"65" "Amont" 3126.08 38.1778 52.7061 37.1784 21.6486 25.6453 1338.48 137.3 30737.8112648673 27447.1775332539 29177.9906875261 25.3820771252689 40.9338496345694 35.8322577820012 "Lees Athas" "Lees Athas.Amont" 8.024 94.854
"66" "Amont" 2637.22 3.39786 76.1532 2.74827 14.6545 9.15903 1352.87 98.6824 31043.7625613486 28439.3097130166 29549.2397179858 25.2061801700404 46.5468505840022 41.6171413543892 "Lees Athas" "Lees Athas.Amont" 6.496 88.344
"63_bis" "Amont" 1999.95 0.699577 78.8663 0.549667 14.5171 6.39937 4924.03 241.771 24804.2194057333 26839.2162365828 28111.484346466 29.3271430598223 91.3021766445828 82.0797132960258 NA NA NA NA
"77" "Amont" 129.484 0.099902 0.133178 0.499512 0.0166472 99.8169 5195.45 3.78904 11074.0429316001 15054.2265266384 5736.84259083122 3.30171783462707 15.8569153732411 14.5070898550758 "Cauterets" "Cauterets.Amont" 1.258 52.478
"78" "Amont" 720.812 81.3235 68.3869 80.9239 4.36158 27.2515 601.683 117.206 21930.0511864744 22159.2407210086 16452.6159311591 12.218213160532 84.087261994577 83.3863917936097 "Cauterets" "Cauterets.Amont" 2.151 62.139
"79" "Amont" 405.347 1.09894 98.7515 0.949084 0.48277 0.765773 195.77 47.1815 18193.2725404655 13914.8273782447 10750.8394918107 10.4611543423413 23.7055359934802 23.5256406688466 "Lees Athas" "Lees Athas.Amont" 3.772 74.026
"80" "Amont" 1234.5 148.858 27.8175 148.059 15.4653 56.7172 482.192 111.388 27298.1727350535 20877.798585485 18826.3162070687 26.4329318919678 19.3468526352835 14.0456849564901 "Cauterets" "Cauterets.Amont" 5.888 86.234
"81" "Amont" 811.701 0.149857 97.4197 0.049952 2.04761 0.532712 392.742 64.0551 20034.7258039637 14679.2422953097 13565.9877857515 10.7418309828618 6.87191680095521 7.09006252876115 "Cauterets" "Cauterets.Amont" 3.639 74.175
"82" "Amont" 1024.7 102.854 59.3641 101.206 5.1107 35.5252 1157.67 155.888 24569.7869553867 48817.924019495 40660.550451471 26.0341815157219 599.87461541186 614.96810776122 "Cauterets" "Cauterets.Amont" 1.39 52.06
"83" "Amont" 2189.64 0.699367 89.9617 0.499547 6.75878 3.19627 2560.61 96.9954 27578.9787255799 20512.2106085383 22682.7415102439 17.5874168456139 29.3011632669738 29.1874380460736 "Lees Athas" "Lees Athas.Amont" 9.794 98.792
"84" "Amont" 738.014 0.549549 51.6151 0.449631 44.1725 4.0626 461.408 94.0946 17010.5202620909 14188.8996522506 10939.7426751525 13.5131754474114 13.9039162569398 13.955179914956 NA NA 6.57 90.012
"85" "Amont" 610.136 1.09907 95.7383 0.649451 3.09639 1.14866 4461.14 36.2584 14232.315139351 10750.5746155419 8974.56368846657 7.18459684113115 11.0152408776728 11.0062460066524 "Lees Athas" "Lees Athas.Amont" 14.006 113.013
"86" "Amont" 4388.99 1.14908 66.4502 0.949243 20.6127 12.6707 5518.77 119.414 40583.162875008 36967.977129077 41151.9486777179 54.937358610696 121.402387934061 107.288706305625 "Lees Athas" "Lees Athas.Amont" 6.048 88.452
"97" "Amont" 120.393 52.2995 82.5703 51.4504 0.283003 17.1467 76.1789 7.08057 10119.006848461 9964.50902968417 4787.23777866968 2.2263009391176 12.021950544791 10.9183139127523 "Cauterets" "Cauterets.Amont" 2.718 67.734
"98" "Amont" 469.695 137.817 2.51373 0.549469 13.5509 83.7523 4076.96 56.2204 19423.291285413 62476.3453827983 54647.9534454209 21.2693667768941 1090.28696086408 1124.89211788953 "Cauterets" "Cauterets.Amont" 1.472 55.237
"99" "Amont" 979.695 0 99.0678 48.2534 0.932246 0 2503.92 68.1248 23042.6883277892 16301.8066874972 15923.6896813503 16.8189178006593 32.5053486989245 28.2899050052524 "Lees Athas" "Lees Athas.Amont" 7.669 93.985
"100" "Amont" 817.89 3.09701 98.0023 2.49759 1.16531 0.632596 377.237 101.753 27513.198679773 20588.3403700532 14809.6333410305 16.0598874777699 9.21059901071749 11.4314482643156 "Cauterets" "Cauterets.Amont" 3.619 73.669
"101" "Amont" 2002.27 2.49777 94.4232 1.69848 2.9965 2.56368 1065.14 118.067 28245.6246713035 24128.526377491 27878.626359153 27.5548341731168 42.458369789919 41.0672888258163 "Cauterets" "Cauterets.Amont" 3.167 72.05
"102" "Amont" 2468.62 40.5682 76.8065 39.8188 7.39261 15.7676 723.966 92.4822 24800.9002602234 18161.9113778109 21647.3583233412 16.0943198027137 13.3702782558654 13.4946574916614 "Lees Athas" "Lees Athas.Amont" 6.358 89.535
"103" "Amont" 3448.83 30.9268 76.5901 30.5271 9.90676 13.5032 1665.55 132.393 32645.5335199888 24908.7926366845 28213.4931851663 28.9119588282792 25.4433493995106 26.386419746692 "Lees Athas" "Lees Athas.Amont" 16 118.454
"104" "Amont" 2800.93 61.2034 71.9947 59.9044 6.07726 21.8615 1188.6 178.305 28857.8305942301 35150.8578509801 36263.6285698569 22.7554973087013 113.747721446362 113.938586639431 "Cauterets" "Cauterets.Amont" 1.86 59.723
"105" "Amont" 752.35 196.51 30.2198 196.11 3.21345 66.5668 406.354 68.2872 34860.9652059529 22658.4890764008 21635.4272728912 37.8518526744688 54.647530094488 55.1445016531363 "Lees Athas" "Lees Athas.Amont" 6.639 90.471
"118" "Amont" 112.188 NA 0 160.845 41.4017 58.5983 72.307 2.32701 16377.1525996027 11133.3511325959 8728.42509078491 4.37660800188952 11.3927518120956 11.6203501728799 "Cauterets" "Cauterets.Amont" 2.632 66.603
"119" "Amont" 1875.1 0.299714 93.0415 92.4119 4.96088 1.89779 3912.32 67.5223 25330.9674225544 27074.1540339263 23550.5059626498 20.9917254131845 140.29821860591 133.999639407443 "Cauterets" "Cauterets.Amont" 4.325 76.76
"120" "Amont" 530.366 0.549463 98.9679 193.811 0.48277 0.366239 367.352 82.5984 27530.9293708289 20596.6317332199 13616.0202290956 25.1141442614303 12.7527633200424 11.9428034715569 "Cauterets" "Cauterets.Amont" 2.83 66.523
"121" "Amont" 2146.86 0.499512 90.7774 0.299707 7.97403 1.18195 986.566 257.718 29197.4640719702 27932.9846291109 29163.601607034 22.29742519067 41.0358167565863 39.1249668371165 "Cauterets" "Cauterets.Amont" 2.29 63.671
"122" "Amont" 1069.42 1.34873 96.5873 1.09896 2.81338 0.549359 1722.09 95.0122 14377.858714566 10821.3910491584 13267.4414014353 19.2412975592534 27.6285784067737 29.8446603591821 "Cauterets" "Cauterets.Amont" 7.137 90.809
"123" "Amont" 2893.01 0 91.4252 6.79475 7.44256 1.1322 994.28 164.068 29821.9325039237 27429.0869795455 32202.4539849532 27.1846844942633 31.3459940819006 32.6384539318439 "Cauterets" "Cauterets.Amont" 2.754 66.232
"124" "Amont" 152.772 297.627 0.815851 297.577 0.0166501 99.0676 860.883 10.7904 17025.343256092 10074.3740248132 9249.19647506286 4.52708470271044 2.861813102834 2.68324808587297 "Cauterets" "Cauterets.Amont" 7.275 92.264
"125" "Amont" 453.321 0 95.2714 0.849384 4.4622 0.2664 149.694 50.3132 10894.3060631425 9442.46081265166 7099.7372297107 7.37849000619011 6.38279964194284 5.90081803265721 "Cauterets" "Cauterets.Amont" 5.443 83.491
"126" "Amont" 75.8535 NA 0 NA 0 100 25.5918 0.302445 19093.6710205846 9700.89523270846 10086.7925072903 7.48073025034451 1.67214243530244 2.27540742859451 "Lees Athas" "Lees Athas.Amont" 7.916 95.586
"127" "Amont" 3976.85 0.399705 73.2767 1.59882 20.363 6.22711 1950.39 121.482 41119.5663571298 38770.5750166472 43749.4885442579 45.3571559409972 72.4525742762059 72.5080071681519 "Lees Athas" "Lees Athas.Amont" 4.8 77.219
"138" "Amont" 1314.23 22.4783 91.6431 22.2286 0.449475 7.89079 655.525 142.814 24901.3538733082 25278.372990488 22963.5026847449 17.4104761112193 96.7040164358322 99.4607199024846 "Cauterets" "Cauterets.Amont" 1.696 58.457
"139" "Amont" 2636.18 0.099904 90.0449 56.3463 6.92525 2.9965 1301.99 94.2144 28466.9003903223 28423.066375487 31261.5121072353 20.6861464687552 33.6405279173144 29.6682517367993 "Cauterets" "Cauterets.Amont" 2.472 63.892
"140" "Amont" 2281.05 0.099902 99.9667 NA 0 0 1266.62 99.2123 33552.058192757 26053.7283622611 31318.1918598648 33.2837309662843 33.5934569714442 27.3734447347922 "Cauterets" "Cauterets.Amont" 4.564 76.662
"141" "Amont" 1041.8 211.299 21.708 210.849 6.54237 71.7496 316.515 157.629 19822.8722070558 20628.9282564132 15072.0753050045 11.9527247278858 15.0940690435474 14.4899768871721 "Cauterets" "Cauterets.Amont" 2.298 63.474
"142" "Amont" 2191.81 109.448 60.9622 108.999 2.59697 36.4408 1173.54 268.505 34009.515480618 47435.2684747307 45731.7365319666 28.7295567167847 393.871953914569 426.952365481206 "Cauterets" "Cauterets.Amont" 2.13 62.199
"143" "Amont" 336.059 0 86.9652 234.999 11.5865 1.44831 252.266 63.3764 16724.4821050653 24141.6326993207 12818.9979199283 8.51143632187019 89.4849211183216 85.0012060806494 "Cauterets" "Cauterets.Amont" 0.786 46.786
"144" "Amont" 1146.36 80.1813 63.2762 79.6817 8.83969 27.751 808.698 255.393 27572.2342771313 46145.0930651784 39156.8313111761 21.9010629358696 521.427374612644 536.289681803457 "Cauterets" "Cauterets.Amont" 1.36 55.774
"145" "Amont" 2696.23 21.0332 90.3263 20.6835 1.1655 8.45821 1129.03 70.4387 28545.6120501705 23496.0174339616 26099.4554126635 18.3496006037852 18.8257549067792 16.7987631743461 "Cauterets" "Cauterets.Amont" 6.172 88.274
"146" "Amont" 2338.13 43.6163 78.9211 42.9168 4.8618 16.034 1125.5 158.948 32874.298931028 26979.9921515853 30769.1838541394 33.0303784519006 36.1174381014067 39.0286790966677 "Cauterets" "Cauterets.Amont" 5.345 82.906
"147" "Amont" 2324.69 24.0811 76.5734 23.7813 9.75691 13.5198 1322.01 172.819 33488.545186545 28089.0373775883 28602.5158518165 34.3675571994671 38.5838043060124 35.1887908689428 "Lees Athas" "Lees Athas.Amont" 6.537 89.079
"151" "Amont" 1836.91 117.636 45.6467 114.44 11.7197 42.6336 676.404 187.969 26069.9424705416 26618.3794716071 23437.8394383837 21.0298813481602 32.8068729619457 27.8701160058122 "Cauterets" "Cauterets.Amont" 2.085 62.571
"152" "Amont" 3570.17 18.8818 67.0052 18.3823 21.4084 11.4367 1559.97 111.633 36610.6071212654 33036.7132686944 39599.8887078415 33.4427631606303 49.8816110820349 47.6169220778758 "Cauterets" "Cauterets.Amont" 3.571 73.63
"153" "Amont" 2589.55 0 97.736 1.14893 2.26402 0 1311.84 96.0537 28952.8829153193 27198.6240310322 29358.5100797352 22.8930382281392 30.6429824716415 33.155505963774 "Cauterets" "Cauterets.Amont" 2.721 67.548
"154" "Amont" 2850.06 0.249764 97.6194 0.799247 1.76461 0.532712 2254.83 101.334 28774.1468703724 29807.7418006661 35214.4314463098 31.5662582139251 81.5797811274354 70.6426776309445 "Cauterets" "Cauterets.Amont" 1.862 59.624
"155" "Amont" 627.488 0.199955 95.2524 65.8355 2.24888 2.43212 388.272 88.3259 15389.4464838139 12904.5797523568 10429.8071340177 9.76503856618824 9.15335093249094 8.88335834865677 "Lees Athas" "Lees Athas.Amont" 4.035 77.149
"177" "Amont" 90.4787 NA 0 NA 0 99.8169 37.8539 0.531125 18530.7985972797 18049.7657457971 7763.77205099664 7.21942705251804 43.7074647564573 42.7368137030444 "Cauterets" "Cauterets.Amont" 2.318 65.3
"178" "Amont" 2668.63 0.199807 91.4267 15.0355 7.17496 1.33178 1599.25 81.2178 27980.9374595664 28295.0764579619 33599.2277074572 18.628021102065 43.6727367713185 39.8913289170301 "Cauterets" "Cauterets.Amont" 2.09 60.326
"179" "Amont" 2324.83 0 93.7906 41.1118 3.84551 2.36391 1011.19 71.2811 24871.7307043834 19970.2054993438 22560.3212863028 16.8522149043545 19.2074721336886 14.1446367861119 "Cauterets" "Cauterets.Amont" 5.526 84.659
"180" "Amont" 122.743 0.249762 0.0166471 NA 0 99.9001 10011.5 1.92242 16744.589046595 12509.6205053524 7788.52377622126 14.2201237152646 4.79677924382273 4.40389869065703 "Cauterets" "Cauterets.Amont" 3.305 70.08
"182" "Amont" 501.67 129.475 51.6897 129.175 2.36391 43.8322 2611.29 36.4023 19840.0466748776 15230.318085367 14895.8118978843 81.5330073826986 54.6177628229923 57.4804850458865 "Lees Athas" "Lees Athas.Amont" 20.787 125.93
"183" "Amont" 1510.79 0 88.5966 135.722 7.70767 3.69569 42972.8 124.957 36903.8908537567 26228.0693317783 27018.6733566991 65.4508389890291 78.7066715482991 66.9857685862839 "Lees Athas" "Lees Athas.Amont" 7.491 95.056
"184" "Amont" 1140.85 114.796 55.3021 113.997 4.31164 40.2031 7620.18 90.4652 24287.7710507534 24916.1549803804 18248.314449164 60.7110749712853 186.21564906553 89.3020895503526 "Lees Athas" "Lees Athas.Amont" 10.442 107.561
"185" "Amont" 1691.04 0 91.3268 0.049957 5.95971 2.7135 1316.59 197.621 31001.2177119176 21972.6297058087 26495.8781807998 31.6707412292892 38.8682302059637 37.0365850132767 "Cauterets" "Cauterets.Amont" 4.025 77.529
"186" "Amont" 315.255 0 100 NA 0 0 3173.4 32.6639 20584.9979093128 20935.746891332 13645.2710669114 22.1465818689034 117.529359169455 97.0787270429025 "Lees Athas" "Lees Athas.Amont" 6.251 88.361
"194" "Amont" 2931.53 0 77.8055 41.3705 15.8009 6.39361 2038.75 192.444 32097.9614058947 35020.6345181284 37135.1517422102 34.4434088893318 79.1658077945427 71.9577021322663 "Lees Athas" "Lees Athas.Amont" 1.765 57.885
"195" "Amont" 530.773 0.149889 91.7582 257.81 6.80986 1.38195 52944 96.6225 15588.2988053256 15736.9628663598 9489.72128122577 8.1352106599956 10.7604035634797 13.8130284603669 "Cauterets" "Cauterets.Amont" 1.895 60.359
"196" "Amont" 827.691 45.4062 75.2788 44.9566 6.79207 17.9291 904.435 90.9736 24345.8053675129 17691.4209746132 17839.538662958 25.2273635427547 53.328818009687 43.5549866682346 NA NA NA NA
"197" "Amont" 3285.43 54.9976 79.6571 54.6479 1.91443 18.4285 2641.74 275.229 38088.6556499003 36274.1444865083 42979.8681174454 49.0724049798656 61.4109779335402 73.3987966631111 "Cauterets" "Cauterets.Amont" 1.89 60.038
"198" "Amont" 806.447 143.162 50.9239 142.213 1.68137 47.3947 1828.65 65.8381 36605.1277441752 40517.2533659639 12572.3231968467 77.6484314782001 142.430030585573 24.0472798939157 "Lees Athas" "Lees Athas.Amont" 17.65 107.254
"199" "Amont" 1767.16 124.283 50.025 123.784 6.9752 42.9998 807.901 214.524 27687.9149051312 27520.8599648303 26304.8539317785 26.6012634923856 65.7626124347893 69.352287913359 "Cauterets" "Cauterets.Amont" 2.471 66.199
"200" "Amont" 1503.87 0.249764 82.9033 0 10.9872 6.10954 2262.02 101.117 21985.7793030105 22154.0456874986 18464.6327591313 23.9619322401596 106.34966796764 98.2369301614848 "Lees Athas" "Lees Athas.Amont" 12.228 107.093
"201" "Amont" 180.768 197.122 34.31 196.622 0.166472 65.5236 91.8836 19.1121 17714.8083824873 14047.4248755049 8722.66889573894 8.98316549889167 14.9116844864327 12.6930480558214 "Cauterets" "Cauterets.Amont" 2.976 66.77
"202" "Amont" 3331.28 0.399672 93.4232 14.2883 5.07826 1.3653 6975.15 194.564 49191.3669061559 47750.6386759356 54994.8511557353 77.5752154394818 226.999584142864 230.756326296159 "Lees Athas" "Lees Athas.Amont" 5.238 78.696
"203" "Amont" 153.139 116.353 61.2221 115.554 0.2664 38.4615 176.18 5.57459 21987.0016105471 20550.8258156021 15248.8480659892 33.8722337202338 144.941487094125 147.390046583092 "Cauterets" "Cauterets.Amont" 3.879 74.81
"204" "Amont" 556.406 76.5399 68.1985 5.64557 28.6047 3.11355 251.711 95.2567 18542.2231312153 16815.5460568552 12236.4072544271 11.8720345710476 32.0682441286579 29.7328648829843 "Cauterets" "Cauterets.Amont" 3.477 71.741
"205" "Amont" 759.031 0.149855 55.735 120.084 2.84668 41.3684 12197.6 110.68 17988.499727318 17244.9483554534 12832.2695325338 9.22489870205607 20.8914127736249 20.8144297413892 "Cauterets" "Cauterets.Amont" 1.59 55.708
"206" "Amont" 1685.15 97.1063 62.9932 93.2101 5.31047 31.6298 885.039 217.338 29808.6422020408 29876.8190239968 29873.328318421 44.7101907340289 71.8504898055178 58.3936929580433 "Cauterets" "Cauterets.Amont" 1.613 57.339
"207" "Amont" 2819.44 0 95.6051 63.3926 2.97986 1.41502 32843.9 112.767 26782.4552700682 279596.38343513 275673.77423261 115.834655675213 5375.07008977473 5647.50724288176 "Cauterets" "Cauterets.Amont" 4.211 78.432
"208" "Amont" 73.5938 0 100 NA 0 0 36.5109 1.60182 47699.1980230352 32775.5190153083 20382.9638694224 81.1868263416305 22.5653906875285 18.2268995858585 "Cauterets" "Cauterets.Amont" 3.479 73.283
"209" "Amont" 1265.78 77.9267 70.7341 77.2273 3.0298 26.2361 37489.3 209.237 16121.0103348574 52487.4339061284 53060.6922793618 27.0297569413229 1143.6717670575 1236.21009990952 "Lees Athas" "Lees Athas.Amont" 13.26 111.727
"210" "Amont" 2520.81 74.5861 66.9053 74.1864 6.55902 26.4358 4678.46 144.374 33010.8919682174 29488.6964111869 31260.8835094038 43.2790299084031 108.942284425673 90.8591229139377 "Lees Athas" "Lees Athas.Amont" 5.192 80.728
"211" "Amont" 986.988 1.44893 98.9677 1.19912 0.366301 0.38295 7292.77 50.6464 18849.2646630615 14774.8968319146 13436.283356233 50.0693138394909 38.9253683347842 38.9280223611713 "Lees Athas" "Lees Athas.Amont" 13.19 112.687
"212" "Amont" 717.563 0.199852 83.9161 0.149889 0.34965 15.701 19669.3 84.907 17942.1541633163 37319.7396294612 34557.5324795014 176.455070004563 673.953682157722 687.68882722597 "Lees Athas" "Lees Athas.Amont" 8.734 102.774
"213" "Amont" 1020 175.621 30.303 0 66.367 3.33 495.271 168.19 17420.6840946855 20757.4905824481 18494.7043296 15.1497389305317 66.4450530990825 66.9562761848071 "Cauterets" "Cauterets.Amont" 1.682 57.469
"214" "Amont" 2711.25 0 96.1205 59.7553 2.4975 1.38195 1401.68 97.576 39321.745104849 35105.8609054905 39179.1786951203 42.4783568891415 61.6009045673093 53.6517478269568 "Cauterets" "Cauterets.Amont" 3.064 67.888
"11" "Aval" 1109.84 170.54 37.8225 169.79 4.26169 57.9158 1085.05 244.65 25544.1672524036 30543.9752506505 27282.0788393103 29.5528760808299 181.471020961267 185.74664830244 "Cauterets" "Cauterets.Aval" 1.033 49.689
"12" "Aval" 774.716 195.714 32.2624 195.364 2.18079 65.5069 674.066 138.407 18853.0790466236 17457.5023908017 13995.4912062292 10.0393236634758 23.5940276107626 21.7595120780325 "Cauterets" "Cauterets.Aval" 1.798 58.275
"13" "Aval" 1667.09 0.049952 60.6459 110.196 1.89779 37.4397 12801.6 225.307 22715.6541065957 27224.2212649748 28259.9226737416 18.2998532938415 133.113843221097 132.920523670099 "Cauterets" "Cauterets.Aval" 1.626 57.644
"14" "Aval" 3035.85 0 92.9749 0.799276 6.24272 0.78242 2724.75 167.657 36329.3365491429 48987.3057481161 53283.9770385104 56.0382332846549 315.198016177065 333.415115815118 "Cauterets" "Cauterets.Aval" 1.704 56.881
"15" "Aval" 920.542 94.8653 66.7555 93.6164 2.04761 31.0138 349.249 103.354 17860.2430053473 14829.1673532076 12437.3022489615 14.7543266325293 10.3130511805022 10.9581881967257 "Cauterets" "Cauterets.Aval" 3.823 74.055
"16" "Aval" 1679.43 119.047 40.3696 118.397 15.3488 44.2817 1747.13 111.452 47373.7162023675 30000.3170974744 31042.0735301999 68.9575166871337 45.4801647071522 50.1708015911703 "Lees Athas" "Lees Athas.Aval" 7.844 94.31
"27" "Aval" 457.833 46.7083 81.2219 0 17.2465 1.53155 677.205 37.6256 23631.5402190693 15220.4285170282 12806.2516380313 19.7637053239977 11.1198724232691 7.16702089876071 "Lees Athas" "Lees Athas.Aval" 10.67 102.345
"28" "Aval" 494.065 262.965 10.7375 261.616 1.93108 87.3314 2467.18 48.2308 13566.2573650351 9374.52687652379 9161.88977208964 10.1430931940356 14.524480011062 6.48596160188922 "Lees Athas" "Lees Athas.Aval" 8.602 96.727
"29" "Aval" 1007.97 169.75 38.5217 169.051 3.41269 58.0656 410.529 171.492 20581.31947988 20065.0885591683 18214.8827505937 17.0444457343806 19.9719751886108 20.5314147380198 "Cauterets" "Cauterets.Aval" 1.844 60.564
"30" "Aval" 344.896 104.955 64.074 104.606 0.916056 35.01 293.256 30.301 21922.7946897118 12089.5482024879 12187.5532322647 17.4694779903288 6.28626674787956 7.15269375133504 "Lees Athas" "Lees Athas.Aval" 11.658 109.63
"31" "Aval" 2289.33 122.849 55.994 122.35 2.24775 41.7582 1381.68 234.114 27368.1320079955 25476.2401788753 28220.0262568812 25.4945645228142 40.9198421502849 41.162673678168 "Cauterets" "Cauterets.Aval" 2.88 67.903
"32" "Aval" 2127.97 62.3071 75.8575 62.0073 2.6307 21.5118 1442.26 168.082 29129.9752829956 27534.2643782218 30582.199597682 26.7830469940621 83.6184531042447 78.8261182305354 "Cauterets" "Cauterets.Aval" 3.955 74.397
"33" "Aval" 948.456 92.2387 60.5329 91.5891 7.21066 32.2565 870.147 139.681 18360.1296250818 18327.0238639843 15610.7256558318 12.9207781316465 20.0273617931312 21.6880755893957 "Cauterets" "Cauterets.Aval" 3.215 72.233
"34" "Aval" 753.507 0.299829 99.9001 NA 0 0 748.606 130.105 17672.4090210863 15044.9775859238 13848.0177640438 20.1675003564392 26.516672332532 22.7415455210078 "Lees Athas" "Lees Athas.Aval" 10.782 103.105
"35" "Aval" 1782.03 151.451 37.7186 150.752 9.47544 52.806 1213.36 164.923 30780.0825382437 45524.8290156769 35242.738094622 34.1735174631085 379.096780435568 348.69034785941 "Cauterets" "Cauterets.Aval" 2.675 67.709
"47" "Aval" 2630.52 45.8569 69.8685 45.2075 10.2547 19.8768 4242.09 134.604 36922.9780487048 30945.3892652342 36535.6714283352 43.496221682061 124.296965797166 132.285291645759 "Lees Athas" "Lees Athas.Aval" 9.887 98.734
"48" "Aval" 543.256 2.19798 98.868 0 1.13201 0 6560.23 63.1154 23672.4316234089 19093.0705054194 15678.3310382156 22.9006700254804 103.64179256659 96.9362514004673 "Cauterets" "Cauterets.Aval" 5.722 86.029
"49" "Aval" 100.964 NA 0 NA 0 100 42.574 0.0777447 22922.7977249058 13060.5223343483 11212.2721448317 22.9654392019416 5.41380983556418 6.0513661727929 "Cauterets" "Cauterets.Aval" 8.197 95.314
"50" "Aval" 819.111 111.85 32.3622 111.051 24.0553 43.5492 401.203 125.228 19334.3318858633 17716.3858606069 14851.1747328474 12.8793141821802 17.7362661228188 15.6074001584631 "Cauterets" "Cauterets.Aval" 2.417 65.489
"51" "Aval" 130.225 0 100 NA 0 0 124.299 10.7562 12250.2078666396 8899.94896091658 6598.6454871508 5.71303633045036 2.89645950621526 2.78500301296181 "Lees Athas" "Lees Athas.Aval" 8.754 94.894
"52" "Aval" 2893.58 59.0087 66.6667 58.2092 8.84116 24.4922 2526.41 107.934 29741.6287943928 23065.6127092894 26232.9806604077 23.2591428146551 43.0193921482485 45.7979402366969 "Lees Athas" "Lees Athas.Aval" 14.689 116.429
"53" "Aval" 219.016 0 99.1342 296.785 0.782551 0.0832501 233.02 13.0859 15036.9826104616 12059.9094585684 5620.60848284433 7.44245408337928 5.59917614730765 2.32923492562182 "Lees Athas" "Lees Athas.Aval" 6.491 88.548
"54" "Aval" 2666.72 78.0944 64.5854 77.7946 6.06061 29.354 2418.99 134.534 31526.9873169652 23584.0316038099 25844.04197219 23.7067326107766 23.7197455279761 22.7051443362686 "Lees Athas" "Lees Athas.Aval" 13.986 114.807
"55" "Aval" 161.792 0.149905 99.95 NA 0 0 11362.4 3.90714 23687.7814410863 13894.898281218 12158.8467618233 36.8668207896606 9.41180968519583 9.5896818715867 "Cauterets" "Cauterets.Aval" 4.884 80.379
"56" "Aval" 389.311 169.867 41.7357 169.106 1.47183 56.7417 166.558 39.8925 20986.0156931591 12598.3704116777 11770.3418443885 12.4619003919873 5.47276525812558 5.67744020339005 "Cauterets" "Cauterets.Aval" 6.897 88.118
"68" "Aval" 2072.91 0.299714 83.4526 84.2697 13.0681 3.37939 1538.21 119.387 25621.8263935079 19203.4954041302 21478.9746179384 21.5896180948034 23.6166152592594 26.1843375672529 "Lees Athas" "Lees Athas.Aval" 7.347 95.096
"69" "Aval" 2327.24 0 95.1889 48.3034 4.56135 0.249709 2455.08 204.519 33164.4055812377 28435.4200024407 29721.905678768 29.5770959028609 63.2486206492678 70.120036425937 "Lees Athas" "Lees Athas.Aval" 12.279 112.583
"70" "Aval" 290.296 116.238 61.0288 115.788 0.382887 38.5883 148.161 36.8389 17217.6731311289 13289.2399939492 8846.50464854877 12.6975636985268 15.9999426083565 14.8662584648808 "Cauterets" "Cauterets.Aval" 4.954 82.252
"71" "Aval" 774.359 0.349692 85.9164 36.6177 1.21525 12.7518 11511.1 71.8693 37119.5426116227 23584.2084653749 21586.933908265 69.8918758514534 45.4117313330277 40.4521659956145 "Lees Athas" "Lees Athas.Aval" 7.828 95.649
"87" "Aval" 137.359 NA 0 NA 0 99.9001 110.376 0.820275 26595.1012876322 14606.0039839862 14413.6395490715 29.908659203591 6.95433181818805 7.61181117689528 "Cauterets" "Cauterets.Aval" 5.374 82.978
"88" "Aval" 1796.84 1.24881 95.3721 0.799238 3.57916 1.04878 686.075 63.5896 24432.0110353011 20200.3714932127 22819.0143168419 14.423609535974 15.3609232487578 15.468563206924 "Lees Athas" "Lees Athas.Aval" 4.732 81.207
"89" "Aval" 213.991 113.543 61.6614 113.044 0.48277 37.8558 326.111 15.8479 12296.8153024147 8832.60368272804 11681.7539677973 29.9645483897904 33.6463722320176 59.0790749391248 "Lees Athas" "Lees Athas.Aval" 11.107 106.739
"90" "Aval" 299.731 0.14986 99.8169 0.049953 0.166472 0.016647 526.849 25.9671 15089.4546702513 12826.2599651087 8164.62752487296 8.79098219611716 35.4406202841391 30.3518284057792 "Lees Athas" "Lees Athas.Aval" 6.623 91.634
"91" "Aval" 1305.34 0.499536 91.1603 0.399628 6.0596 2.69685 1816.8 138.88 36784.8580616392 32594.0609091671 35812.8615811437 44.9519615314815 131.410092722989 116.007107608476 "Lees Athas" "Lees Athas.Aval" 5.182 81.039
"92" "Aval" 749.362 98.3669 48.7431 97.6175 17.8292 33.411 2727.88 47.3965 14197.5830760627 13762.7739085938 10938.0007613383 55.1335297206011 53.9448145217339 32.6064970136547 "Lees Athas" "Lees Athas.Aval" 17.592 123.995
"93" "Aval" 370.068 284.61 4.24505 284.16 0.632595 95.1224 2172.6 29.1014 15865.9463233349 12058.5864167099 8754.07409645852 9.52007832183363 17.0465573648081 15.203653053719 "Lees Athas" "Lees Athas.Aval" 7.158 91.554
"94" "Aval" 1621.87 0 95.3713 0.699434 3.44655 1.18215 9513.03 118 28839.0520096798 23169.3335113953 21692.0981912976 85.3977244675297 53.7439287878604 51.7509264908225 "Lees Athas" "Lees Athas.Aval" 11.915 111.997
"95" "Aval" 322.275 0.09993 98.618 0 0.815851 0.566101 928.068 21.6727 12072.9391166864 10572.3139893798 7964.4524634033 14.2332461954844 70.8291445585331 32.070143954643 "Lees Athas" "Lees Athas.Aval" 12.102 107.682
"96" "Aval" 315.545 207.844 25.9407 204.947 3.6297 70.3297 120.533 31.6352 15588.6649601117 10269.342825192 9367.58023624402 7.42418547737029 4.83131393403067 5.07199867964651 "Lees Athas" "Lees Athas.Aval" 4.77 79.769
"107" "Aval" 2854.58 0.249762 77.11 0.299714 17.4463 5.36041 23190.8 86.9444 27930.4789343653 22957.0047218167 27335.5512095884 19.1900567061415 21.6240723943464 19.6591704042199 "Cauterets" "Cauterets.Aval" 4.443 79.485
"110" "Aval" 1170.39 165.241 13.9837 162.193 21.3584 64.6579 255.201 98.9641 21300.9873235333 16113.3983217861 15954.147355882 15.0897818048878 13.6764436609364 11.946894208847 "Lees Athas" "Lees Athas.Aval" 8.374 97.671
"111" "Aval" 1753.61 15.7848 88.3969 15.3352 4.94423 6.45913 742.984 106.044 32404.9424290226 26590.9022745684 30129.3771169927 28.5510751580318 41.6374843006031 38.8330286826183 "Cauterets" "Cauterets.Aval" 3.532 71.505
"112" "Aval" 276.089 NA 0 NA 0 99.8835 600.705 20.2692 21749.6116059538 76144.6195728534 64012.3276036751 42.0349526954363 1358.68474396603 1518.53016857954 "Cauterets" "Cauterets.Aval" 1.338 54.498
"114" "Aval" 1239.9 65.9451 65.0017 64.846 7.34266 27.5391 5016.16 95.644 22251.3032808054 15018.5336184647 15646.9834252248 17.7183125653374 13.1165696000414 13.67035516507 "Lees Athas" "Lees Athas.Aval" 10.475 105.777
"128" "Aval" 1915.39 8.89142 93.8905 8.64166 1.99767 4.11187 1861.89 116.936 32921.5000349892 24523.4781617419 22456.1340250672 42.4564055727333 25.1299214479561 18.2203730757674 "Cauterets" "Cauterets.Aval" 6.9 89.097
"129" "Aval" 3334.51 0.049947 88.7816 0.699258 8.03928 3.16245 1093.77 85.9902 28686.298735821 24504.0235999143 29313.443842088 21.7396401956585 22.8034176342204 22.7452694810413 "Cauterets" "Cauterets.Aval" 3.826 75.519
"130" "Aval" 3627.75 0 87.1483 47.0546 8.78975 4.06193 926.816 45.8471 28835.9648109329 24439.9395643989 28098.8890069727 18.4237010210151 18.4042014988518 16.4152175244129 "Cauterets" "Cauterets.Aval" 5.27 83.44
"131" "Aval" 3104.8 0.34967 75.5452 46.1066 21.0754 3.26286 17667.4 106.477 29105.4612603084 24354.6660418336 28592.2683569903 24.3187608741853 43.3312540593685 40.1632803180431 "Lees Athas" "Lees Athas.Aval" 5.483 83.042
"132" "Aval" 3128.66 0 82.2873 12.4383 11.2036 6.50907 7253.13 125.661 34017.7660167947 31594.1457898955 34435.6393229277 62.3215672599351 162.848598299733 130.868009944007 "Lees Athas" "Lees Athas.Aval" 14.555 117.454
"134" "Aval" 2172.07 65.9943 74.7128 65.4947 2.53038 22.6403 1386.82 213.31 33953.0640934776 28837.9999677938 33024.448003521 37.6890942751728 38.1599988087791 41.0702274947357 "Cauterets" "Cauterets.Aval" 3.176 71.707
"135" "Aval" 2616.48 2.0482 96.4541 1.84837 2.49709 1.01548 1076.55 181.989 28841.5205861554 26994.8927066275 27960.0213141274 23.4827139519568 25.8725140904676 30.0727400680622 "Lees Athas" "Lees Athas.Aval" 3.267 71.076
"136" "Aval" 232.515 0.399691 99.5504 223.078 0.31635 0 44168.7 18.0063 30392.474829074 17253.4987825082 15959.128327944 38.4762069972569 15.0826175924569 15.0941509278773 "Lees Athas" "Lees Athas.Aval" 7.261 90.339
"137" "Aval" 756.762 0.049962 97.9021 93.9796 1.5318 0.54945 480.861 74.304 19024.5663810766 15207.7942158734 12073.381703487 12.3783410918559 11.2100297869842 10.6738467545803 "Lees Athas" "Lees Athas.Aval" 6.336 87.058
"150" "Aval" 1340.16 1.09895 92.8417 0.599428 5.144 1.81455 1151.01 91.6647 19761.6801724959 15082.0030448921 14187.8488486696 21.1031281543388 22.56592523131 15.8377523202079 "Lees Athas" "Lees Athas.Aval" 10.416 103.842
"157" "Aval" 2600.75 0.249764 97.8359 42.9596 2.08091 0 1436.61 131.924 32537.7877717057 29725.2773301501 33455.2271353118 32.1751147510965 39.4302654434855 41.5331269570945 "Cauterets" "Cauterets.Aval" 2.877 67.255
"158" "Aval" 3911.44 1.84824 83.3694 1.29876 12.2357 4.37823 1534.32 77.5755 38456.782749974 33026.6867889512 40399.7130522627 33.0346274990572 37.2235221811244 33.1562662857878 "Cauterets" "Cauterets.Aval" 3.415 71.998
"159" "Aval" 2273.69 55.3466 72.4155 54.2976 7.70767 19.8768 800.673 169.374 31266.8780087468 31417.276923483 33309.5490742155 29.3604223084722 42.9414858681368 37.8341771745741 "Cauterets" "Cauterets.Aval" 1.665 56.512
"160" "Aval" 228.436 0.349662 99.8835 NA 0 0 207.97 32.68 24203.6832234396 16542.6563019353 13217.7898965229 21.3728604806465 27.5560728436539 23.5614978736805 "Cauterets" "Cauterets.Aval" 2.03 61.201
"161" "Aval" 1342.71 0 77.7593 124.439 15.1157 7.12502 604.573 119.674 18669.6614735075 17643.6194505673 16263.5033274395 15.8500341300123 20.3629472726464 19.3004848090061 "Lees Athas" "Lees Athas.Aval" 2.961 67.597
"162" "Aval" 92.1308 NA 0 NA 0 100 32.1726 0.117795 29203.375668026 16807.3017302839 13657.2656047868 48.9270832764949 11.7939388556178 12.3643832730985 "Lees Athas" "Lees Athas.Aval" 8.93 99.034
"163" "Aval" 276.042 94.5792 67.1662 90.3324 2.2311 30.5861 190.1 57.9804 18293.1737159291 23415.4615263741 15461.9644291243 9.27419982457288 164.8447050731 162.07322677449 "Cauterets" "Cauterets.Aval" 1.48 55.331
"164" "Aval" 682.434 124.798 48.1019 124.348 8.34166 43.4898 286.786 80.786 35145.1148368624 21764.3424162403 19946.8658843148 37.5302189480593 15.0776137469344 16.6009539442352 "Lees Athas" "Lees Athas.Aval" 7.167 97.331
"165" "Aval" 1489.71 105.065 54.2458 102.967 10.989 34.5654 807.68 119.835 24159.2116502786 28741.9697488077 23226.4100047527 17.3984197270787 102.075703996985 91.1942599927567 "Cauterets" "Cauterets.Aval" 2.024 67.005
"167" "Aval" 4062.63 0.599421 96.7371 3.34677 2.91327 0.149825 2201.11 82.854 36018.4420889824 32388.8764126501 38586.2355552501 37.1857745627232 57.7262986833605 63.1732133245669 "Cauterets" "Cauterets.Aval" 4.136 76.319
"168" "Aval" 527.459 125.93 55.4853 125.281 1.89779 42.6169 469.059 37.109 19793.1402116624 13741.1812911058 10021.5880415023 15.5106227682463 8.44363755261353 8.73531536211349 "Lees Athas" "Lees Athas.Aval" 16.622 119.652
"169" "Aval" 389.191 0.499529 97.7193 225.238 2.1142 0 1960.53 39.5739 18650.5247085796 11146.5579285621 10713.8035430332 44.4793611197146 9.24866788182451 21.778729043855 "Lees Athas" "Lees Athas.Aval" 13.534 113.838
"170" "Aval" 1202.5 165.94 38.8547 165.59 4.04528 56.9669 565.233 197.747 21547.5474365888 19754.0698882928 18871.1637674523 19.2913604590186 26.0991412220859 26.5672551700122 "Cauterets" "Cauterets.Aval" 2.561 68.693
"171" "Aval" 2430.68 83.6213 61.7779 82.5723 8.27368 29.8985 1267.54 118.042 30527.3449674909 24591.3674707268 28019.5055701773 28.5230779660632 58.8038928243843 60.1486449269295 "Cauterets" "Cauterets.Aval" 5.604 83.219
"172" "Aval" 140.723 1.44867 99.5172 0.399633 0.316297 0.0332947 12163.3 8.23963 8669.08591109883 8984.35717682151 5050.49960316572 1.99511075275043 1.85672531224073 1.67861140565255 "Cauterets" "Cauterets.Aval" 1.404 53.6
"173" "Aval" 397.58 191.59 34.8152 191.091 0.749251 64.4356 187.687 36.0221 17053.3499677512 12343.6705144214 8727.90437538437 8.23204623533486 5.26834671634901 5.25280938199753 "Cauterets" "Cauterets.Aval" 5.598 84.504
"174" "Aval" 2658.05 0 90.9091 80.5387 5.89411 3.1968 970.804 77.9738 24535.8430614924 22926.3766893579 27864.0984846021 13.7205155422014 27.7958775317682 28.991404969108 "Cauterets" "Cauterets.Aval" 1.872 60.633
"175" "Aval" 1702.12 5.39602 91.7416 4.79647 5.07825 2.9637 5799.26 92.4642 22961.3944229356 21049.1848544002 18029.5951492088 20.522832599493 62.1651302022609 61.570091173808 "Lees Athas" "Lees Athas.Aval" 10.149 102.67
"176" "Aval" 3916.41 0.449701 92.6395 0 6.01166 1.34888 6093.77 160.555 42137.8738702445 40762.2161819631 47290.8696421131 56.9711956380093 178.905371727223 179.691413870116 "Lees Athas" "Lees Athas.Aval" 8.603 98.595
"181" "Aval" 1823.94 47.2538 79.5905 46.9042 3.04644 17.3631 1818.04 161.463 25139.6405638291 23320.2410340561 26600.4846181708 29.4312307313481 128.722115703623 134.35452501235 "Cauterets" "Cauterets.Aval" 2.262 69.277
"188" "Aval" 804.701 0.249762 93.0415 0.949095 4.71117 2.16414 14561.4 78.1552 21551.3545396072 19328.2362219937 13164.0007596168 13.6314713149962 22.467566002993 22.1390118028098 "Lees Athas" "Lees Athas.Aval" 3.672 75.823
"189" "Aval" 367.802 0.299714 21.2585 0 28.4501 50.2913 1288.63 64.8679 10456.3840716011 8326.34949230729 7346.66181364883 5.91281036798788 8.2600125909359 8.2839366732285 "Lees Athas" "Lees Athas.Aval" 3.638 77.426
"190" "Aval" 2138.14 0.199811 91.3101 0.649388 6.79208 1.8312 16918.1 148.318 34264.4266045157 32166.6074986197 29005.595127432 74.7631774824993 202.044948286234 71.8747814421263 "Lees Athas" "Lees Athas.Aval" 9.128 97.663
"191" "Aval" 385.623 119.904 51.4652 116.008 4.1958 44.339 619.972 61.2195 17426.8877309325 11021.3895498909 12403.9899841523 8.72051894021704 10.5173725863317 10.4824861383667 "Lees Athas" "Lees Athas.Aval" 3.526 75.941
"192" "Aval" 866.096 52.4563 77.8721 51.8568 2.78055 19.3307 464.44 82.8898 23657.0502758439 16164.8065501603 15928.3723720874 22.5915423547117 24.4212180974536 23.1518823549768 "Lees Athas" "Lees Athas.Aval" 5.939 84.346
"193" "Aval" 2729.46 0.349742 50.9824 106.522 9.79021 39.1109 7200.66 214.055 30525.3259324534 26194.6097567606 30868.6258359256 24.8875531144131 35.0440034180634 38.8944126802297 "Cauterets" "Cauterets.Aval" 2.258 64.321
