"traitement" "poisson" "fs" "time" "d_cum_cm" "d_tot_cm" "efficiency"
"amont" 2 "002_fs1" 0.0913 6.0553466591802 4.28132302385183 0.707031862058819
"amont" 2 "002_fs2" 0.1162 9.45898727089374 7.0687923842786 0.747309641279462
"amont" 3 "003_fs1" 0.0996 11.9725540840045 9.84856055837035 0.822594785479243
"amont" 3 "003_fs2" 0.0747 5.73337387574627 4.47848372348536 0.781125358391603
"amont" 4 "004_fs1" 0.1411 8.39628763965707 2.79718770253731 0.333145769009356
"amont" 4 "004_fs2" 0.083 8.84877123926142 7.66934981055328 0.866713536058529
"amont" 5 "005_fs1" 0.1245 4.85760881091283 3.52720580746903 0.726119773075388
"amont" 5 "005_fs2" 0.0996 6.26012468093686 4.1435502241266 0.661895798456604
"amont" 7 "007_fs1" 0.0664 5.82913138554533 4.42201037474648 0.758605370555187
"amont" 7 "007_fs2" 0.0747 7.5532641529195 6.59182913392073 0.872712644555512
"amont" 8 "008_fs1" 0.0996 6.58217372890574 5.49293184259378 0.83451638756836
"amont" 8 "008_fs2" 0.0664 5.87686095589593 4.97653304486826 0.846801223002491
"amont" 8 "008_fs3" 0.083 8.20874614997023 5.42273832682353 0.660604948399239
"aval" 11 "011_fs1" 0.0747 5.43824558257555 3.96590672643064 0.729262161153153
"aval" 11 "011_fs2" 0.0747 5.05716275128054 4.31716376026391 0.853673091531559
"aval" 11 "011_fs3" 0.0747 4.25949187741604 3.9571191662425 0.929012023059199
"aval" 14 "014_fs1" 0.0664 5.52923439938903 4.48973255519601 0.811998955170379
"aval" 14 "014_fs2" 0.0664 4.3264342343539 3.42218874744213 0.790995208078828
"aval" 14 "014_fs3" 0.083 5.04024219094329 4.43578349524234 0.880073482026899
"aval" 15 "015_fs1" 0.0913 12.6743313519242 10.9261177831992 0.862066603737674
"aval" 15 "015_fs2" 0.0996 11.2061047175057 8.50694229068464 0.759134641798901
"aval" 16 "016_fs1" 0.0996 6.19879624870355 5.05328770236414 0.815204678395585
"aval" 16 "016_fs2" 0.0996 6.09737524802428 4.37785401895809 0.717989928597003
"aval" 16 "016_fs3" 0.1411 3.01336597268723 2.18077878230098 0.723701934005786
"amont" 17 "017_fs1" 0.1245 6.7222182655885 4.78690580513085 0.712102109155745
"amont" 17 "017_fs2" 0.0913 7.95490416461549 6.03259164383532 0.758348751788755
"amont" 18 "018_fs1" 0.0913 11.8897221848899 9.53883597117526 0.802275765812065
"amont" 18 "018_fs2" 0.1162 8.87290738129027 6.45461265556377 0.727451823646239
"amont" 18 "018_fs3" 0.1079 6.22747021236242 4.56958488013363 0.733778681279333
"amont" 19 "019_fs1" 0.1162 6.52547940561269 4.9740755305203 0.762254421681571
"amont" 19 "019_fs2" 0.0996 8.07219147875793 6.07514910559986 0.752602204938608
"amont" 19 "019_fs3" 0.0913 8.28222798545 6.39737504550321 0.772421992819076
"amont" 20 "020_fs1" 0.083 7.67052341539264 5.56594302535534 0.725627538557019
"amont" 20 "020_fs2" 0.0664 5.04728910882454 4.31433654860171 0.854782925166433
"amont" 20 "020_fs3" 0.083 7.78676359770104 3.93102948173265 0.504834830595505
"amont" 21 "021_fs1" 0.1079 5.13851543099264 3.84843999306065 0.748940047907421
"amont" 21 "021_fs2" 0.083 5.28410426662487 3.18988191156799 0.603675050796352
"amont" 21 "021_fs3" 0.0913 7.39469327023472 5.39394024479718 0.729433939675224
"amont" 22 "022_fs1" 0.0996 5.15726452575658 3.40835924300183 0.660885092470959
"amont" 22 "022_fs2" 0.0913 8.74594287956873 6.29906075649423 0.720226606008298
"amont" 22 "022_fs3" 0.1079 9.10745672454842 6.33198332255349 0.695252639025572
"amont" 22 "022_fs4" 0.1079 6.97619674608877 5.72015585460026 0.819953344608191
"amont" 23 "023_fs1" 0.1079 10.0048280124453 8.51920224574961 0.851509114914555
"amont" 23 "023_fs2" 0.1079 10.2979666098953 8.48811445619955 0.824251503014521
"amont" 23 "023_fs3" 0.0996 7.68495997784437 6.10352893263669 0.794217399990771
"amont" 23 "023_fs4" 0.1079 8.83184128777289 7.82803585774519 0.886342451441309
"amont" 24 "024_fs1" 0.1079 4.62111477650702 3.09507262417111 0.669767528801912
"amont" 24 "024_fs2" 0.0913 4.23896226709364 3.27471321786068 0.772527097795075
"amont" 25 "025_fs1" 0.0996 9.18265081239228 7.27300642167388 0.792037786284841
"amont" 25 "025_fs2" 0.1079 8.61613498961804 6.96150668684807 0.80796165510827
"amont" 25 "025_fs3" 0.1079 8.85495053322084 7.05791582977219 0.797058752987182
"amont" 26 "026_fs1" 0.083 5.44392036720357 3.50362013011598 0.643584015523672
"amont" 26 "026_fs2" 0.083 4.33759561170756 2.88777238300784 0.665754173859243
"aval" 27 "027_fs1" 0.0996 6.6685171383403 4.90687389881822 0.73582684081389
"aval" 27 "027_fs2" 0.0913 8.03874680461384 6.21259330043026 0.772831070741591
"aval" 27 "027_fs3" 0.0664 6.11767958417182 5.29369780744319 0.865311387203
"aval" 29 "029_fs1" 0.0747 6.21339471852217 4.68166266831435 0.753479036887562
"aval" 29 "029_fs2" 0.0747 6.02718532216 4.58303471436627 0.760393860383874
"amont" 37 "037_fs1" 0.1826 7.31245350809195 4.83142235554221 0.660711531388987
"amont" 37 "037_fs2" 0.0996 9.02090347207837 7.61585985892674 0.844245798937929
"amont" 37 "037_fs3" 0.1411 7.61994739951692 6.01854588906511 0.789840870744942
"amont" 38 "038_fs1" 0.1411 9.19885389595543 7.01493068145748 0.762587465873529
"amont" 38 "038_fs2" 0.1411 14.8666954270696 10.3938570421356 0.699137013543054
"amont" 38 "038_fs3" 0.1079 9.88781858862526 7.29488749248296 0.737765102292112
"amont" 39 "039_fs1" 0.166 7.34876828467305 4.79580424009607 0.652599735672498
"amont" 39 "039_fs2" 0.1411 11.4888530502519 7.36327838257969 0.640906307215605
"amont" 39 "039_fs3" 0.1328 9.32689372072327 7.06964513563629 0.757984956977516
"amont" 40 "040_fs1" 0.1577 7.45367579009909 5.01347264096001 0.672617481916713
"amont" 40 "040_fs2" 0.1494 8.88494860957358 7.3224016671246 0.824135511513783
"amont" 40 "040_fs3" 0.1411 9.74047672472137 6.82010708849376 0.700182063079551
"amont" 40 "040_fs4" 0.1328 7.70645595440281 5.40562885723879 0.701441608078026
"amont" 41 "041_fs1" 0.1245 8.15514553797299 6.31863912550266 0.774803968375676
"amont" 41 "041_fs2" 0.0996 9.20064784461168 7.55926751165459 0.82160165667917
"amont" 42 "042_fs1" 0.1162 13.4110758089685 10.8518140989379 0.809168052847848
"amont" 42 "042_fs2" 0.1162 10.3368862588932 7.24260460315492 0.700656311945371
"amont" 42 "042_fs3" 0.1162 9.86972318253457 7.35569746921454 0.745279004605839
"amont" 42 "042_fs4" 0.1328 12.4400944940329 9.65032972528944 0.775744085377997
"amont" 45 "045_fs1" 0.1328 4.34121439001222 3.12013142705443 0.718723183594176
"amont" 45 "045_fs2" 0.1494 10.7359715031116 6.88906826512484 0.64168093806212
"amont" 45 "045_fs3" 0.1328 8.67457922294453 6.37406122000683 0.734797741329889
"amont" 46 "046_fs1" 0.1577 12.5784740161916 9.92091989097405 0.788722056284676
"amont" 46 "046_fs2" 0.1245 11.3364612357022 9.79225327461737 0.863783950831005
"amont" 46 "046_fs3" 0.1411 9.82237342363187 8.68873265731038 0.884585861539937
"aval" 167 "167_fs1" 0.1411 9.24365999816814 6.87378327521048 0.743621387694127
"aval" 167 "167_fs2" 0.1162 11.6161214084733 9.71436288694284 0.836282830158507
"aval" 167 "167_fs3" 0.1162 9.78460869196156 7.8443706681548 0.801705097782731
"aval" 168 "168_fs1" 0.1328 12.6975849804909 8.79643398079636 0.692764332297168
"aval" 168 "168_fs2" 0.1245 12.2693607655902 7.86670850094286 0.64116694025375
"aval" 168 "168_fs3" 0.0913 8.37912399124507 5.28566884599149 0.630814014867691
"aval" 170 "170_fs1" 0.1079 5.78230661782368 5.23793053342214 0.905854856827632
"aval" 170 "170_fs2" 0.083 3.98889411310135 2.4510505407633 0.614468690134676
"aval" 170 "170_fs3" 0.1245 5.713180152774 3.11743388468842 0.545656499764806
"aval" 171 "171_fs1" 0.1162 12.9727178499437 9.30083007454484 0.716953084321125
"aval" 171 "171_fs2" 0.1494 9.4421127754549 4.31448769499109 0.456940919643192
"aval" 171 "171_fs3" 0.1079 10.6849548231995 7.88091504255174 0.737571208578295
"aval" 172 "172_fs1" 0.0913 6.38644901882252 4.94708531820619 0.774622220208107
"aval" 172 "172_fs2" 0.0996 9.67005355989331 6.42872680694319 0.6648077766194
"aval" 172 "172_fs3" 0.1245 12.017307442276 10.1110589643799 0.841374743298151
"aval" 173 "173_fs1" 0.1162 11.3113468265257 8.97242455018249 0.793223361266023
"aval" 173 "173_fs2" 0.0996 12.5089009348734 10.6929477642719 0.854827120299683
"aval" 173 "173_fs3" 0.1162 14.0736500908909 10.116405064922 0.718818856486262
"aval" 174 "174_fs1" 0.083 6.62613911853184 6.05020565556491 0.913081592060725
"aval" 174 "174_fs2" 0.1245 9.82269432121341 7.75147646466561 0.789139538621829
"aval" 174 "174_fs3" 0.1245 10.5464796063293 7.78849108481112 0.738492025351947
"aval" 175 "175_fs1" 0.1245 12.4554208906038 8.63725139740681 0.693453193855745
"aval" 175 "175_fs2" 0.0996 8.02340509216335 5.98929918529716 0.74647847347843
"aval" 175 "175_fs3" 0.0913 4.06333804641755 2.72922291705921 0.671670160316943
"aval" 176 "176_fs1" 0.0996 9.40510572652826 8.01189880975835 0.8518669585138
"aval" 176 "176_fs2" 0.1162 8.15963336932925 5.81032001408601 0.712081015297338
"aval" 176 "176_fs3" 0.1162 8.12535352827568 6.48678655361767 0.79833899301047
"amont" 177 "177_fs1" 0.1079 5.75521596736097 4.44732360406246 0.772746605737154
"amont" 177 "177_fs2" 0.1079 5.24189100757095 2.54410195983533 0.48534049184938
"amont" 177 "177_fs3" 0.0996 6.84789283033909 5.58152671856834 0.815072148010231
"amont" 177 "177_fs4" 0.0996 4.48246656616849 3.06123396590604 0.682935147583869
"amont" 178 "178_fs1" 0.1328 13.228287169753 9.22733472399656 0.697545691712471
"amont" 178 "178_fs2" 0.0996 5.70184747552621 4.24990135974187 0.745355146377298
"amont" 179 "179_fs1" 0.1079 7.49805227723995 5.53713139355435 0.738475965333304
"amont" 179 "179_fs2" 0.0996 9.13406438299766 7.53750287223216 0.825207985862528
"amont" 179 "179_fs3" 0.1079 12.9846730075075 9.38944270615229 0.723117378521852
"amont" 180 "180_fs1" 0.1079 7.45954035330971 5.46201039677046 0.732218090937337
"amont" 180 "180_fs2" 0.1079 8.17518681431198 6.59609496597242 0.806843331631871
"aval" 181 "181_fs1" 0.083 5.42738047380507 3.92957528399472 0.724027973155851
"amont" 183 "183_fs1" 0.1245 14.9252119046277 11.7793673206444 0.789226136011648
"amont" 183 "183_fs2" 0.1079 5.8579627969311 4.45433745298833 0.760390191505124
"amont" 184 "184_fs1" 0.1079 13.2557953654579 10.844113715809 0.818065866048804
"amont" 184 "184_fs2" 0.1162 10.617029309128 9.39175031092018 0.884593047402214
"amont" 185 "185_fs1" 0.0996 10.1230408151467 8.69967570215863 0.859393522264737
"amont" 185 "185_fs2" 0.0996 5.23339682531627 4.31046430210999 0.823645606474623
"amont" 185 "185_fs3" 0.083 7.5502333200891 5.65623025787197 0.749146419465249
"amont" 186 "186_fs1" 0.0996 6.24575289005239 5.0546556750638 0.809294854286399
"amont" 186 "186_fs2" 0.1245 9.40901761654016 7.92402416371952 0.842173379481173
"aval" 188 "188_fs1" 0.0747 3.8561160735832 2.39177950763836 0.62025609758574
"aval" 188 "188_fs2" 0.1245 5.38085808226336 3.54939044497321 0.659632792894665
"aval" 189 "189_fs1" 0.0581 4.31123543489592 3.12618061172587 0.725124076134185
"aval" 189 "189_fs2" 0.0747 6.90139462712944 5.84933305860223 0.847558120442564
"aval" 189 "189_fs3" 0.083 8.88108051231316 7.80617419142949 0.878966718138252
"aval" 190 "190_fs1" 0.1162 7.37937845078371 4.82007088800192 0.65318114799899
"aval" 190 "190_fs2" 0.1079 9.40636078622251 7.19459065952579 0.764864417072297
"aval" 190 "190_fs3" 0.0996 7.50963896800483 5.36518326721572 0.714439574269061
"aval" 190 "190_fs4" 0.1162 10.4769234889378 8.79013153708271 0.838999306081016
"aval" 191 "191_fs1" 0.0996 10.6678662389298 7.93460762097999 0.743785818388365
"aval" 191 "191_fs2" 0.0996 5.00311998238571 3.43765182204586 0.68710161542171
"aval" 192 "192_fs1" 0.0996 5.89788114932484 3.92198494433441 0.664982024058484
"aval" 193 "193_fs1" 0.1079 5.75672071484812 3.5706895081929 0.620264502146705
"aval" 193 "193_fs2" 0.083 5.72841289300427 4.55714706027644 0.795533971694285
"aval" 193 "193_fs3" 0.083 7.17695592112952 5.07209246232897 0.706719188200158
"amont" 194 "194_fs1" 0.0747 7.25379488905484 5.83145770147402 0.803918196015308
"amont" 194 "194_fs2" 0.083 5.26415559222461 4.67374003728065 0.887842305456163
"amont" 195 "195_fs1" 0.083 9.06242839086476 7.93252076660652 0.875319552825683
"amont" 195 "195_fs2" 0.0913 8.02017889288937 3.99505177130616 0.498125019985295
"amont" 196 "196_fs1" 0.1328 6.71538863916711 5.04272019436804 0.750920083010039
"amont" 196 "196_fs2" 0.0913 5.13927823084466 3.93079256948604 0.764853038291332
"amont" 196 "196_fs3" 0.0996 13.1338408224913 9.00017948724371 0.685266374770674
"amont" 197 "197_fs1" 0.0913 4.43214537194584 2.81864294234442 0.635954533482948
"amont" 197 "197_fs2" 0.0913 4.61945607609406 3.12292180384549 0.676036691853568
"amont" 198 "198_fs1" 0.0913 7.71245990505065 6.62324737145026 0.858772357067671
"amont" 198 "198_fs2" 0.0913 10.7356612265465 9.28254623675065 0.864645972042906
"amont" 199 "199_fs1" 0.0747 7.0765782997489 6.22231969586602 0.879283663983032
"amont" 199 "199_fs2" 0.083 7.82934843722752 5.16973622918059 0.660302229569855
"amont" 199 "199_fs3" 0.0747 8.52888405481573 7.42974933714762 0.87112795641213
"amont" 200 "200_fs1" 0.1245 13.2210121819005 9.61888546044721 0.72754531408839
"amont" 200 "200_fs2" 0.1328 6.26240819769556 4.9956743277091 0.797724161377312
"amont" 200 "200_fs3" 0.1079 7.48308414085915 4.97065439294327 0.664252105064875
"amont" 201 "201_fs1" 0.1079 13.9108542322489 8.81600474373545 0.633750062832064
"amont" 201 "201_fs2" 0.0996 4.67472657702022 2.77267584205665 0.593120430975883
"amont" 201 "201_fs3" 0.0996 5.15023548698222 4.0634821155401 0.788989576459366
"amont" 202 "202_fs1" 0.1079 8.21609956312002 6.34421994617467 0.772169311902239
"amont" 202 "202_fs2" 0.0996 5.43958683028632 4.3415498469571 0.798139634941461
"amont" 202 "202_fs3" 0.1079 8.04493572599575 6.01083949225438 0.747158174655323
"amont" 203 "203_fs1" 0.1079 6.59239383022355 3.75368552024813 0.56939643123852
"amont" 203 "203_fs2" 0.1079 8.68708310737825 6.28459093677916 0.723440867215997
"amont" 203 "203_fs3" 0.0913 4.78117746977199 3.1775903787725 0.664604148007924
"amont" 204 "204_fs1" 0.1079 10.4816474359534 7.14848753218524 0.682000379793828
"amont" 204 "204_fs2" 0.1079 9.3088572018032 6.04435386853806 0.649312126881399
"amont" 206 "206_fs1" 0.0913 6.10005662760628 5.24079027262118 0.85913797076958
"amont" 206 "206_fs2" 0.0996 10.9022029550086 9.25065087012672 0.848512076715366
"amont" 206 "206_fs3" 0.0996 7.2219135114994 4.69853702964985 0.650594475019453
"amont" 207 "207_fs1" 0.0664 4.51837960671121 3.43488707706414 0.760203297651719
"amont" 207 "207_fs2" 0.0996 9.54790403766309 8.05034995709977 0.843153630927165
"amont" 207 "207_fs3" 0.1079 5.87706197682593 3.93036202074074 0.668763071793133
"amont" 208 "208_fs1" 0.0747 5.5251253010539 4.66168294228405 0.843724384204436
"amont" 208 "208_fs2" 0.0913 4.74813281675659 3.67562055517849 0.774119153155721
"amont" 208 "208_fs3" 0.1245 10.2019920458641 5.05867660981673 0.495851848058197
"amont" 209 "209_fs1" 0.1494 8.91911636511412 5.71929069329704 0.641239609303366
"amont" 209 "209_fs2" 0.1079 7.10242924188652 5.65750340935105 0.796558926062364
"amont" 210 "210_fs1" 0.1079 12.7650167361786 10.5794460868655 0.828784349093817
"amont" 210 "210_fs2" 0.1079 13.082378926182 10.0701469498625 0.769748912386949
"amont" 210 "210_fs3" 0.0913 9.04670886656828 6.50244585759936 0.718763691139533
"amont" 211 "211_fs1" 0.0996 8.21198054324818 6.87754427894823 0.837501287628218
"amont" 211 "211_fs2" 0.1494 12.7071192360746 9.96971533294855 0.784577145120763
"amont" 212 "212_fs1" 0.0996 5.81577019318353 3.89974629527111 0.670546834852909
"amont" 212 "212_fs2" 0.083 6.05024539024321 4.39092983523632 0.72574409003596
"amont" 213 "213_fs1" 0.1079 5.62077819039464 4.06676977008392 0.723524329252777
"amont" 213 "213_fs2" 0.1162 6.38793332876591 3.72866822592527 0.583704937735412
"amont" 213 "213_fs3" 0.1079 7.72156255525325 6.78573180586304 0.878802931052662
