"poisson" "fs" "frame" "dist"
2 "002_fs1" 1 190.710436823381
2 "002_fs1" 2 181.83656933535
2 "002_fs1" 3 196.127190855492
2 "002_fs1" 4 183.42795555034
2 "002_fs1" 5 195.602290640052
2 "002_fs1" 6 204.414298238304
2 "002_fs1" 7 183.570661485933
2 "002_fs1" 8 170.747060665868
2 "002_fs1" 9 184.319831897195
2 "002_fs1" 10 192.844776631224
2 "002_fs1" 11 188.033325844809
2 "002_fs2" 1 189.371702104494
2 "002_fs2" 2 176.141798181713
2 "002_fs2" 3 188.165078307618
2 "002_fs2" 4 188.153265187326
2 "002_fs2" 5 193.30002083754
2 "002_fs2" 6 201.529953474056
2 "002_fs2" 7 190.80630364816
2 "002_fs2" 8 192.424785238196
2 "002_fs2" 9 190.153159008202
2 "002_fs2" 10 193.949930513525
2 "002_fs2" 11 182.039737602029
2 "002_fs2" 12 184.182300533713
2 "002_fs2" 13 189.913752394254
2 "002_fs2" 14 185.855228646789
3 "003_fs1" 1 119.018422972163
3 "003_fs1" 2 109.904705405953
3 "003_fs1" 3 113.231540199105
3 "003_fs1" 4 120.698692177092
3 "003_fs1" 5 100.676738093253
3 "003_fs1" 6 107.868228362072
3 "003_fs1" 7 118.879019348092
3 "003_fs1" 8 118.444303745841
3 "003_fs1" 9 128.460304739467
3 "003_fs1" 10 124.980005801177
3 "003_fs1" 11 115.340680137831
3 "003_fs1" 12 114.742536674822
3 "003_fs2" 1 108.666166948609
3 "003_fs2" 2 102.452590209672
3 "003_fs2" 3 111.401064457166
3 "003_fs2" 4 108.091353441682
3 "003_fs2" 5 116.931435502699
3 "003_fs2" 6 125.438833147638
3 "003_fs2" 7 119.028206614434
3 "003_fs2" 8 118.288391734177
3 "003_fs2" 9 114.936722886037
4 "004_fs1" 1 126.030939103694
4 "004_fs1" 2 123.039790195691
4 "004_fs1" 3 114.172158938805
4 "004_fs1" 4 116.847668400884
4 "004_fs1" 5 123.339002991401
4 "004_fs1" 6 117.452564486123
4 "004_fs1" 7 121.580457104219
4 "004_fs1" 8 124.031011254802
4 "004_fs1" 9 130.681784530141
4 "004_fs1" 10 126.614915325831
4 "004_fs1" 11 116.572139146929
4 "004_fs1" 12 119.215102040756
4 "004_fs1" 13 124.858313986602
4 "004_fs1" 14 120.535759336321
4 "004_fs1" 15 123.12179720563
4 "004_fs1" 16 120.422408488184
4 "004_fs1" 17 114.144695174664
4 "004_fs2" 1 124.938004749716
4 "004_fs2" 2 117.452256507817
4 "004_fs2" 3 112.912766536201
4 "004_fs2" 4 124.807123681545
4 "004_fs2" 5 128.449083446459
4 "004_fs2" 6 137.105631509795
4 "004_fs2" 7 130.337629804752
4 "004_fs2" 8 114.397702102966
4 "004_fs2" 9 128.291388873916
4 "004_fs2" 10 129.118844454833
5 "005_fs1" 1 137.182473616246
5 "005_fs1" 2 128.706599275243
5 "005_fs1" 3 129.322456330743
5 "005_fs1" 4 141.140721935975
5 "005_fs1" 5 139.610120290858
5 "005_fs1" 6 138.899712066517
5 "005_fs1" 7 135.83003198713
5 "005_fs1" 8 134.694533227938
5 "005_fs1" 9 133.003840633874
5 "005_fs1" 10 132.765324133097
5 "005_fs1" 11 135.858651514068
5 "005_fs1" 12 134.292528692678
5 "005_fs1" 13 131.385727869913
5 "005_fs1" 14 129.439131618035
5 "005_fs1" 15 133.236992200056
5 "005_fs2" 1 138.128451395463
5 "005_fs2" 2 132.822990505561
5 "005_fs2" 3 127.624491452173
5 "005_fs2" 4 136.28047199523
5 "005_fs2" 5 139.653547781373
5 "005_fs2" 6 138.307003538351
5 "005_fs2" 7 129.306043185803
5 "005_fs2" 8 138.112912983989
5 "005_fs2" 9 132.000729486275
5 "005_fs2" 10 134.011685516797
5 "005_fs2" 11 136.875492747832
5 "005_fs2" 12 134.042972790613
7 "007_fs1" 1 121.106627892668
7 "007_fs1" 2 109.45864001877
7 "007_fs1" 3 115.631651891403
7 "007_fs1" 4 133.453419057005
7 "007_fs1" 5 138.46684093012
7 "007_fs1" 6 152.358819273244
7 "007_fs1" 7 121.249174419263
7 "007_fs1" 8 137.556783903947
7 "007_fs2" 1 132.068136256314
7 "007_fs2" 2 117.915734050888
7 "007_fs2" 3 124.537482282039
7 "007_fs2" 4 122.787851720084
7 "007_fs2" 5 130.612403474238
7 "007_fs2" 6 133.142443450117
7 "007_fs2" 7 139.185075452618
7 "007_fs2" 8 147.753597604499
7 "007_fs2" 9 141.407986359982
8 "008_fs1" 1 152.633645132552
8 "008_fs1" 2 144.045392863438
8 "008_fs1" 3 148.904714707748
8 "008_fs1" 4 159.107679795986
8 "008_fs1" 5 156.406092326418
8 "008_fs1" 6 134.283590634113
8 "008_fs1" 7 129.169172223614
8 "008_fs1" 8 154.00536660096
8 "008_fs1" 9 149.385563310269
8 "008_fs1" 10 149.635142984797
8 "008_fs1" 11 149.038280575436
8 "008_fs1" 12 144.848840007215
8 "008_fs2" 1 146.054971680732
8 "008_fs2" 2 136.732122569978
8 "008_fs2" 3 145.844221885269
8 "008_fs2" 4 151.495806433317
8 "008_fs2" 5 149.124976675125
8 "008_fs2" 6 141.789724726954
8 "008_fs2" 7 148.591039368216
8 "008_fs2" 8 147.359907220497
8 "008_fs3" 1 148.80296985349
8 "008_fs3" 2 137.619843461117
8 "008_fs3" 3 142.367908737414
8 "008_fs3" 4 156.490164842113
8 "008_fs3" 5 147.640736269626
8 "008_fs3" 6 156.959073445382
8 "008_fs3" 7 150.948206006497
8 "008_fs3" 8 150.172338683138
8 "008_fs3" 9 156.273227347558
8 "008_fs3" 10 156.735695196663
11 "011_fs1" 1 86.6157217249504
11 "011_fs1" 2 79.8205060130574
11 "011_fs1" 3 79.4071433920258
11 "011_fs1" 4 76.0890555439666
11 "011_fs1" 5 82.8791636519783
11 "011_fs1" 6 89.9413602665742
11 "011_fs1" 7 91.4231115913706
11 "011_fs1" 8 90.7454630083085
11 "011_fs1" 9 86.2850073948163
11 "011_fs2" 1 89.6873464889753
11 "011_fs2" 2 80.5212366474123
11 "011_fs2" 3 82.8840878466025
11 "011_fs2" 4 82.7664330328723
11 "011_fs2" 5 82.8226031944544
11 "011_fs2" 6 93.9676439110628
11 "011_fs2" 7 101.276020436922
11 "011_fs2" 8 81.660418207987
11 "011_fs2" 9 81.4665620469182
11 "011_fs3" 1 87.6860244484237
11 "011_fs3" 2 75.2848110046257
11 "011_fs3" 3 81.6827435230546
11 "011_fs3" 4 90.536274143743
11 "011_fs3" 5 83.3997432690632
11 "011_fs3" 6 84.1863449882447
11 "011_fs3" 7 87.9023378300309
11 "011_fs3" 8 93.2325470240002
11 "011_fs3" 9 87.9171713268946
14 "014_fs1" 1 101.011317283575
14 "014_fs1" 2 96.2891980207843
14 "014_fs1" 3 98.3916909066466
14 "014_fs1" 4 101.164772178674
14 "014_fs1" 5 99.452717501981
14 "014_fs1" 6 110.258418272681
14 "014_fs1" 7 108.257186482388
14 "014_fs1" 8 108.828943633375
14 "014_fs2" 1 104.817272153521
14 "014_fs2" 2 94.5039930606035
14 "014_fs2" 3 99.095193907595
14 "014_fs2" 4 105.976299673301
14 "014_fs2" 5 93.730432457593
14 "014_fs2" 6 93.1615398532442
14 "014_fs2" 7 107.024020666836
14 "014_fs2" 8 111.123520805698
14 "014_fs3" 1 107.774139697652
14 "014_fs3" 2 81.3418001465208
14 "014_fs3" 3 105.412153581505
14 "014_fs3" 4 100.870567717565
14 "014_fs3" 5 88.3114457288969
14 "014_fs3" 6 101.300293937529
14 "014_fs3" 7 101.239936164207
14 "014_fs3" 8 106.40258082307
14 "014_fs3" 9 109.359939836393
14 "014_fs3" 10 109.953159528432
15 "015_fs1" 1 137.661335252368
15 "015_fs1" 2 127.498362688384
15 "015_fs1" 3 130.213596707997
15 "015_fs1" 4 141.204354740953
15 "015_fs1" 5 142.998800529776
15 "015_fs1" 6 144.50767373051
15 "015_fs1" 7 149.999204172066
15 "015_fs1" 8 136.092297692153
15 "015_fs1" 9 141.102533236567
15 "015_fs1" 10 148.988973726698
15 "015_fs1" 11 134.30069999556
15 "015_fs2" 1 142.019726808809
15 "015_fs2" 2 136.932743498361
15 "015_fs2" 3 136.012283768613
15 "015_fs2" 4 131.476709410293
15 "015_fs2" 5 137.572310244335
15 "015_fs2" 6 140.029995112987
15 "015_fs2" 7 134.819489978993
15 "015_fs2" 8 138.5563188723
15 "015_fs2" 9 134.47248046517
15 "015_fs2" 10 140.689711540641
15 "015_fs2" 11 141.905506557933
15 "015_fs2" 12 126.758765438893
16 "016_fs1" 1 170.498086244704
16 "016_fs1" 2 167.409849721181
16 "016_fs1" 3 164.06526377951
16 "016_fs1" 4 160.766669310737
16 "016_fs1" 5 165.61232026147
16 "016_fs1" 6 170.000308985579
16 "016_fs1" 7 172.022693685832
16 "016_fs1" 8 168.05170832249
16 "016_fs1" 9 168.710369857339
16 "016_fs1" 10 163.643052507358
16 "016_fs1" 11 168.099568575696
16 "016_fs1" 12 169.34483108245
16 "016_fs2" 1 174.688015106509
16 "016_fs2" 2 170.828727534078
16 "016_fs2" 3 156.648803537428
16 "016_fs2" 4 160.075942331806
16 "016_fs2" 5 169.333059343483
16 "016_fs2" 6 172.023942701906
16 "016_fs2" 7 161.769256104005
16 "016_fs2" 8 166.837400248802
16 "016_fs2" 9 166.326195545346
16 "016_fs2" 10 158.681479705983
16 "016_fs2" 11 163.208882451982
16 "016_fs2" 12 167.633267195006
16 "016_fs3" 1 172.774409075595
16 "016_fs3" 2 170.266606495539
16 "016_fs3" 3 169.922759388593
16 "016_fs3" 4 165.58577222204
16 "016_fs3" 5 166.973425899845
16 "016_fs3" 6 171.798694667905
16 "016_fs3" 7 171.122811302541
16 "016_fs3" 8 170.630935322504
16 "016_fs3" 9 167.569423040224
16 "016_fs3" 10 161.727989421025
16 "016_fs3" 11 164.0350078654
16 "016_fs3" 12 162.388157039232
16 "016_fs3" 13 162.304224717164
16 "016_fs3" 14 163.171172262113
16 "016_fs3" 15 165.063584946411
16 "016_fs3" 16 164.92850721415
16 "016_fs3" 17 166.078716543881
17 "017_fs1" 1 139.542300295188
17 "017_fs1" 2 136.178177957609
17 "017_fs1" 3 136.117875498414
17 "017_fs1" 4 142.848122770742
17 "017_fs1" 5 135.705945405606
17 "017_fs1" 6 141.569273927084
17 "017_fs1" 7 144.347231918211
17 "017_fs1" 8 137.927568470458
17 "017_fs1" 9 143.415799584262
17 "017_fs1" 10 145.523475761468
17 "017_fs1" 11 144.658001149896
17 "017_fs1" 12 144.355820925008
17 "017_fs1" 13 141.108058926564
17 "017_fs1" 14 144.061920008025
17 "017_fs1" 15 141.69480718925
17 "017_fs2" 1 140.945929129316
17 "017_fs2" 2 130.760517365735
17 "017_fs2" 3 132.213954127253
17 "017_fs2" 4 139.856159274285
17 "017_fs2" 5 140.502630940528
17 "017_fs2" 6 147.129270715844
17 "017_fs2" 7 140.780577685013
17 "017_fs2" 8 141.058246950562
17 "017_fs2" 9 142.765141506254
17 "017_fs2" 10 146.240175272648
17 "017_fs2" 11 138.159938656009
18 "018_fs1" 1 169.121746229044
18 "018_fs1" 2 166.914483070767
18 "018_fs1" 3 177.079192506914
18 "018_fs1" 4 176.762353041516
18 "018_fs1" 5 169.134194332209
18 "018_fs1" 6 180.601273346402
18 "018_fs1" 7 163.785567636775
18 "018_fs1" 8 169.526235538559
18 "018_fs1" 9 166.598219413523
18 "018_fs1" 10 167.237979521233
18 "018_fs1" 11 169.489657674132
18 "018_fs2" 1 164.01210129365
18 "018_fs2" 2 162.334973022773
18 "018_fs2" 3 148.614984220655
18 "018_fs2" 4 173.266017142767
18 "018_fs2" 5 178.091561626225
18 "018_fs2" 6 177.726965057689
18 "018_fs2" 7 166.550200895797
18 "018_fs2" 8 161.227948076448
18 "018_fs2" 9 146.187973831228
18 "018_fs2" 10 150.878742805892
18 "018_fs2" 11 163.600572278527
18 "018_fs2" 12 163.957164757112
18 "018_fs2" 13 165.358400259289
18 "018_fs2" 14 166.654904595135
18 "018_fs3" 1 163.822162769947
18 "018_fs3" 2 159.61960649796
18 "018_fs3" 3 169.398219912243
18 "018_fs3" 4 174.130290996683
18 "018_fs3" 5 145.05736022937
18 "018_fs3" 6 160.094348401335
18 "018_fs3" 7 138.132204021066
18 "018_fs3" 8 140.616304540268
18 "018_fs3" 9 141.051266125147
18 "018_fs3" 10 140.143990590674
18 "018_fs3" 11 153.567299258246
18 "018_fs3" 12 154.455167787737
18 "018_fs3" 13 156.25265010707
19 "019_fs1" 1 163.797196607956
19 "019_fs1" 2 154.844384850136
19 "019_fs1" 3 149.389871341249
19 "019_fs1" 4 170.990337820083
19 "019_fs1" 5 172.164016367963
19 "019_fs1" 6 188.412240066859
19 "019_fs1" 7 184.293269529928
19 "019_fs1" 8 188.563031193277
19 "019_fs1" 9 187.217019782785
19 "019_fs1" 10 191.174932130466
19 "019_fs1" 11 189.76416241701
19 "019_fs1" 12 184.559262937214
19 "019_fs1" 13 183.081560701931
19 "019_fs1" 14 179.581976736331
19 "019_fs2" 1 185.364697171861
19 "019_fs2" 2 180.464320859049
19 "019_fs2" 3 166.344794100889
19 "019_fs2" 4 177.081842180687
19 "019_fs2" 5 186.542915452612
19 "019_fs2" 6 191.604645622813
19 "019_fs2" 7 191.156987065527
19 "019_fs2" 8 181.271037316206
19 "019_fs2" 9 168.714056029095
19 "019_fs2" 10 174.087388299186
19 "019_fs2" 11 183.866071285456
19 "019_fs2" 12 193.665234918897
19 "019_fs3" 1 165.901148594797
19 "019_fs3" 2 159.226599823062
19 "019_fs3" 3 181.463120366169
19 "019_fs3" 4 189.435998345223
19 "019_fs3" 5 187.292375678384
19 "019_fs3" 6 194.301882189661
19 "019_fs3" 7 190.691065475023
19 "019_fs3" 8 184.681552126208
19 "019_fs3" 9 180.55596509755
19 "019_fs3" 10 182.561388937112
19 "019_fs3" 11 184.323295495798
20 "020_fs1" 1 148.894115235279
20 "020_fs1" 2 142.093677760594
20 "020_fs1" 3 142.111698358535
20 "020_fs1" 4 147.868315227387
20 "020_fs1" 5 146.135006046954
20 "020_fs1" 6 156.028252027448
20 "020_fs1" 7 171.233099445289
20 "020_fs1" 8 149.269288148096
20 "020_fs1" 9 143.615711975525
20 "020_fs1" 10 146.222615188618
20 "020_fs2" 1 154.126203552678
20 "020_fs2" 2 148.087478605267
20 "020_fs2" 3 154.377931789744
20 "020_fs2" 4 145.844137624292
20 "020_fs2" 5 155.918290992498
20 "020_fs2" 6 147.575289396626
20 "020_fs2" 7 145.560345949104
20 "020_fs2" 8 145.206361567344
20 "020_fs3" 1 147.044692735738
20 "020_fs3" 2 141.911357080479
20 "020_fs3" 3 134.969925666498
20 "020_fs3" 4 147.509239234207
20 "020_fs3" 5 156.167320788635
20 "020_fs3" 6 144.629929293747
20 "020_fs3" 7 147.679556723699
20 "020_fs3" 8 138.049832957466
20 "020_fs3" 9 139.765057746733
20 "020_fs3" 10 146.202119240719
21 "021_fs1" 1 107.803002698032
21 "021_fs1" 2 107.935013339543
21 "021_fs1" 3 85.4191051126987
21 "021_fs1" 4 100.250378008248
21 "021_fs1" 5 103.808035779986
21 "021_fs1" 6 100.451215512249
21 "021_fs1" 7 104.332664438634
21 "021_fs1" 8 100.88817804471
21 "021_fs1" 9 102.994547307263
21 "021_fs1" 10 105.298597129517
21 "021_fs1" 11 102.908844770065
21 "021_fs1" 12 105.105157021864
21 "021_fs1" 13 97.0898878714414
21 "021_fs2" 1 103.926399453925
21 "021_fs2" 2 104.164837561604
21 "021_fs2" 3 95.0023218489416
21 "021_fs2" 4 98.2203165875138
21 "021_fs2" 5 105.093937357207
21 "021_fs2" 6 103.279713593793
21 "021_fs2" 7 108.351781639241
21 "021_fs2" 8 109.478739763593
21 "021_fs2" 9 111.514875161023
21 "021_fs2" 10 106.892300810553
21 "021_fs3" 1 105.77894504273
21 "021_fs3" 2 97.0682943849492
21 "021_fs3" 3 104.438878823266
21 "021_fs3" 4 103.723394519375
21 "021_fs3" 5 107.598853829372
21 "021_fs3" 6 108.560939857664
21 "021_fs3" 7 103.593408957225
21 "021_fs3" 8 109.566892864089
21 "021_fs3" 9 106.098293926446
21 "021_fs3" 10 106.400318162391
21 "021_fs3" 11 115.030558788965
22 "022_fs1" 1 191.764049588082
22 "022_fs1" 2 183.405242348376
22 "022_fs1" 3 180.523531052638
22 "022_fs1" 4 192.083125660873
22 "022_fs1" 5 185.55767653419
22 "022_fs1" 6 191.125460999379
22 "022_fs1" 7 189.241481812596
22 "022_fs1" 8 181.675592911975
22 "022_fs1" 9 187.631025877012
22 "022_fs1" 10 181.451310779686
22 "022_fs1" 11 182.634623732198
22 "022_fs1" 12 184.046679240704
22 "022_fs2" 1 184.713523693159
22 "022_fs2" 2 180.207421650169
22 "022_fs2" 3 174.297051343363
22 "022_fs2" 4 177.300901065045
22 "022_fs2" 5 193.020181765193
22 "022_fs2" 6 182.560236340645
22 "022_fs2" 7 165.606945133437
22 "022_fs2" 8 178.076105128707
22 "022_fs2" 9 186.169970432437
22 "022_fs2" 10 181.028472571289
22 "022_fs2" 11 185.070160195032
22 "022_fs3" 1 192.61987569716
22 "022_fs3" 2 184.469514768823
22 "022_fs3" 3 187.028795309726
22 "022_fs3" 4 188.513305517819
22 "022_fs3" 5 189.924802113931
22 "022_fs3" 6 198.870855928171
22 "022_fs3" 7 185.607041986621
22 "022_fs3" 8 187.243907068556
22 "022_fs3" 9 185.281882542534
22 "022_fs3" 10 182.844445021359
22 "022_fs3" 11 192.02421243501
22 "022_fs3" 12 197.017292838625
22 "022_fs3" 13 188.749187657174
22 "022_fs4" 1 191.086541102765
22 "022_fs4" 2 188.446865172633
22 "022_fs4" 3 181.547116360178
22 "022_fs4" 4 193.449541358798
22 "022_fs4" 5 186.586239783113
22 "022_fs4" 6 188.933234253627
22 "022_fs4" 7 188.471414317245
22 "022_fs4" 8 186.968092465456
22 "022_fs4" 9 184.933639052053
22 "022_fs4" 10 193.353809375904
22 "022_fs4" 11 188.773664632109
22 "022_fs4" 12 183.445141408737
22 "022_fs4" 13 190.260412385134
23 "023_fs1" 1 140.892183011134
23 "023_fs1" 2 127.966627350315
23 "023_fs1" 3 140.146694353552
23 "023_fs1" 4 153.00209454755
23 "023_fs1" 5 151.257310900679
23 "023_fs1" 6 165.603481148797
23 "023_fs1" 7 162.658114624318
23 "023_fs1" 8 160.21424215813
23 "023_fs1" 9 162.50779277557
23 "023_fs1" 10 163.514562480853
23 "023_fs1" 11 156.424135433571
23 "023_fs1" 12 158.867309551215
23 "023_fs1" 13 163.229115112487
23 "023_fs2" 1 157.444919589614
23 "023_fs2" 2 153.779913738125
23 "023_fs2" 3 136.221439251913
23 "023_fs2" 4 154.553187950261
23 "023_fs2" 5 157.692982540436
23 "023_fs2" 6 157.151363297733
23 "023_fs2" 7 165.616909745965
23 "023_fs2" 8 155.1079183575
23 "023_fs2" 9 161.060401639482
23 "023_fs2" 10 162.755551233616
23 "023_fs2" 11 161.36645784514
23 "023_fs2" 12 164.014949209949
23 "023_fs2" 13 159.63092367163
23 "023_fs3" 1 155.322349415364
23 "023_fs3" 2 151.449200131574
23 "023_fs3" 3 146.742096001809
23 "023_fs3" 4 150.045551374646
23 "023_fs3" 5 159.531696252408
23 "023_fs3" 6 167.883402061917
23 "023_fs3" 7 153.299303919363
23 "023_fs3" 8 157.442399613768
23 "023_fs3" 9 152.543714058239
23 "023_fs3" 10 158.908243725539
23 "023_fs3" 11 158.678558007154
23 "023_fs3" 12 156.277323467427
23 "023_fs4" 1 153.31527131718
23 "023_fs4" 2 138.887821726148
23 "023_fs4" 3 146.60172883952
23 "023_fs4" 4 155.287634079648
23 "023_fs4" 5 159.244118998892
23 "023_fs4" 6 164.778335900916
23 "023_fs4" 7 160.186497974996
23 "023_fs4" 8 160.32775152715
23 "023_fs4" 9 161.893119569058
23 "023_fs4" 10 161.636169036532
23 "023_fs4" 11 159.694330789684
23 "023_fs4" 12 162.030728049433
23 "023_fs4" 13 158.654698079651
24 "024_fs1" 1 102.226550283807
24 "024_fs1" 2 96.9863257636677
24 "024_fs1" 3 89.0994524444042
24 "024_fs1" 4 104.43634924022
24 "024_fs1" 5 98.0437767374017
24 "024_fs1" 6 95.4172228215028
24 "024_fs1" 7 97.1089452199049
24 "024_fs1" 8 100.092417922761
24 "024_fs1" 9 99.5024739960942
24 "024_fs1" 10 97.5567607251343
24 "024_fs1" 11 100.643584795573
24 "024_fs1" 12 102.552184193614
24 "024_fs1" 13 99.0717220371416
24 "024_fs2" 1 96.193852392969
24 "024_fs2" 2 92.6689515358753
24 "024_fs2" 3 92.0641092918322
24 "024_fs2" 4 90.6333308439037
24 "024_fs2" 5 89.84656825952
24 "024_fs2" 6 84.9020138441372
24 "024_fs2" 7 88.5607726976827
24 "024_fs2" 8 88.0271267393931
24 "024_fs2" 9 91.5039807296017
24 "024_fs2" 10 85.4228361981823
24 "024_fs2" 11 95.5824136235384
25 "025_fs1" 1 148.052412276282
25 "025_fs1" 2 140.631914615904
25 "025_fs1" 3 141.774701144902
25 "025_fs1" 4 151.887192747867
25 "025_fs1" 5 135.988185243969
25 "025_fs1" 6 147.472412291392
25 "025_fs1" 7 150.175029124388
25 "025_fs1" 8 160.186565212583
25 "025_fs1" 9 157.314891845782
25 "025_fs1" 10 156.603761130387
25 "025_fs1" 11 156.429033487036
25 "025_fs1" 12 153.112797791811
25 "025_fs2" 1 145.849139041357
25 "025_fs2" 2 133.154456802021
25 "025_fs2" 3 132.984105043526
25 "025_fs2" 4 143.691697551665
25 "025_fs2" 5 129.013259744157
25 "025_fs2" 6 135.231286135745
25 "025_fs2" 7 140.099836705063
25 "025_fs2" 8 134.832827533508
25 "025_fs2" 9 136.622819432313
25 "025_fs2" 10 136.374539550897
25 "025_fs2" 11 137.11330589992
25 "025_fs2" 12 144.572805730836
25 "025_fs2" 13 142.196349659662
25 "025_fs3" 1 144.268726793069
25 "025_fs3" 2 138.057134765655
25 "025_fs3" 3 137.541478070364
25 "025_fs3" 4 143.126536708193
25 "025_fs3" 5 152.290291100113
25 "025_fs3" 6 144.710848097352
25 "025_fs3" 7 122.704619774516
25 "025_fs3" 8 138.535557102104
25 "025_fs3" 9 151.322375937078
25 "025_fs3" 10 150.37258930016
25 "025_fs3" 11 146.694516655702
25 "025_fs3" 12 143.490489831161
25 "025_fs3" 13 141.712936320322
26 "026_fs1" 1 134.316662026589
26 "026_fs1" 2 127.347992445785
26 "026_fs1" 3 123.812206969651
26 "026_fs1" 4 135.185590401517
26 "026_fs1" 5 136.254971097473
26 "026_fs1" 6 147.367491310614
26 "026_fs1" 7 141.426769681305
26 "026_fs1" 8 142.615875449606
26 "026_fs1" 9 142.564358749055
26 "026_fs1" 10 142.129955267173
26 "026_fs2" 1 143.825215595535
26 "026_fs2" 2 122.674294864712
26 "026_fs2" 3 137.717856667134
26 "026_fs2" 4 144.388943200466
26 "026_fs2" 5 133.286325796694
26 "026_fs2" 6 135.419265188245
26 "026_fs2" 7 133.571923351501
26 "026_fs2" 8 137.417673398056
26 "026_fs2" 9 136.312871282563
26 "026_fs2" 10 135.090007426691
27 "027_fs1" 1 188.230552846672
27 "027_fs1" 2 181.508298109167
27 "027_fs1" 3 176.990655460392
27 "027_fs1" 4 178.675017537291
27 "027_fs1" 5 185.630971306779
27 "027_fs1" 6 180.074314399628
27 "027_fs1" 7 182.175267059772
27 "027_fs1" 8 182.327281362741
27 "027_fs1" 9 172.688774136636
27 "027_fs1" 10 176.277326373494
27 "027_fs1" 11 177.810798683703
27 "027_fs1" 12 179.053585651597
27 "027_fs2" 1 187.577127076071
27 "027_fs2" 2 184.452398766128
27 "027_fs2" 3 174.631994683461
27 "027_fs2" 4 183.936499154456
27 "027_fs2" 5 183.155007238952
27 "027_fs2" 6 184.510503766855
27 "027_fs2" 7 178.773721129978
27 "027_fs2" 8 177.92729746271
27 "027_fs2" 9 172.947719252263
27 "027_fs2" 10 179.338916265977
27 "027_fs2" 11 181.433635005369
27 "027_fs3" 1 186.252932496507
27 "027_fs3" 2 183.525750947279
27 "027_fs3" 3 179.671818034917
27 "027_fs3" 4 181.009063722519
27 "027_fs3" 5 184.420594078404
27 "027_fs3" 6 176.933943682541
27 "027_fs3" 7 178.010521369331
27 "027_fs3" 8 190.109462276992
29 "029_fs1" 1 103.287890794271
29 "029_fs1" 2 88.1005128572672
29 "029_fs1" 3 108.909482108244
29 "029_fs1" 4 111.616067516647
29 "029_fs1" 5 104.51357457313
29 "029_fs1" 6 106.561856861427
29 "029_fs1" 7 100.874758816139
29 "029_fs1" 8 102.052870798728
29 "029_fs1" 9 100.580712913452
29 "029_fs2" 1 102.263651518654
29 "029_fs2" 2 88.9111208057499
29 "029_fs2" 3 106.04836487248
29 "029_fs2" 4 104.73617689571
29 "029_fs2" 5 106.359568857677
29 "029_fs2" 6 110.277068885501
29 "029_fs2" 7 110.812032695522
29 "029_fs2" 8 106.097729404534
29 "029_fs2" 9 103.096587975195
37 "037_fs1" 1 153.788968097366
37 "037_fs1" 2 152.371740198582
37 "037_fs1" 3 157.99803642737
37 "037_fs1" 4 156.897349668811
37 "037_fs1" 5 162.862098255085
37 "037_fs1" 6 152.127313449551
37 "037_fs1" 7 149.175053688738
37 "037_fs1" 8 146.396170754249
37 "037_fs1" 9 145.46167948778
37 "037_fs1" 10 145.10902176941
37 "037_fs1" 11 147.805337768558
37 "037_fs1" 12 150.545342108023
37 "037_fs1" 13 146.581668955773
37 "037_fs1" 14 153.872587742921
37 "037_fs1" 15 154.741563267668
37 "037_fs1" 16 152.213785230195
37 "037_fs1" 17 150.580015900324
37 "037_fs1" 18 147.66966856306
37 "037_fs1" 19 149.485137540671
37 "037_fs1" 20 150.712164064119
37 "037_fs1" 21 147.637549131482
37 "037_fs1" 22 147.335396470654
37 "037_fs2" 1 149.412035250771
37 "037_fs2" 2 147.669865074271
37 "037_fs2" 3 135.002799408561
37 "037_fs2" 4 151.939468139892
37 "037_fs2" 5 151.487116064758
37 "037_fs2" 6 153.327643239667
37 "037_fs2" 7 151.200385997487
37 "037_fs2" 8 150.766611438107
37 "037_fs2" 9 155.891942782123
37 "037_fs2" 10 156.135802956132
37 "037_fs2" 11 154.382599282587
37 "037_fs2" 12 150.526731590485
37 "037_fs3" 1 151.443492783556
37 "037_fs3" 2 148.100741990708
37 "037_fs3" 3 146.327059203104
37 "037_fs3" 4 152.416605990263
37 "037_fs3" 5 153.24789532721
37 "037_fs3" 6 145.991960038937
37 "037_fs3" 7 147.769012219026
37 "037_fs3" 8 150.820194869753
37 "037_fs3" 9 144.419908379142
37 "037_fs3" 10 150.611479675217
37 "037_fs3" 11 153.749755087333
37 "037_fs3" 12 155.465506429274
37 "037_fs3" 13 153.269946410256
37 "037_fs3" 14 153.764664870948
37 "037_fs3" 15 152.826821058999
37 "037_fs3" 16 151.590025698242
37 "037_fs3" 17 152.406346353928
38 "038_fs1" 1 165.631651461618
38 "038_fs1" 2 164.912978354649
38 "038_fs1" 3 180.924828725187
38 "038_fs1" 4 167.236985338285
38 "038_fs1" 5 155.519273638198
38 "038_fs1" 6 158.068910402834
38 "038_fs1" 7 151.563333204368
38 "038_fs1" 8 159.799087955909
38 "038_fs1" 9 163.208134320224
38 "038_fs1" 10 167.508185661218
38 "038_fs1" 11 169.136684968679
38 "038_fs1" 12 172.712716767931
38 "038_fs1" 13 169.139349101546
38 "038_fs1" 14 170.419516665452
38 "038_fs1" 15 162.593959485803
38 "038_fs1" 16 161.36176582462
38 "038_fs1" 17 161.689366289438
38 "038_fs2" 1 164.758732467889
38 "038_fs2" 2 161.440879523238
38 "038_fs2" 3 154.648335945742
38 "038_fs2" 4 164.666189109466
38 "038_fs2" 5 167.972211048281
38 "038_fs2" 6 150.615558340966
38 "038_fs2" 7 167.122126390686
38 "038_fs2" 8 147.821202616498
38 "038_fs2" 9 154.80043756048
38 "038_fs2" 10 163.108661336412
38 "038_fs2" 11 162.677946526219
38 "038_fs2" 12 169.47561077234
38 "038_fs2" 13 170.286928859237
38 "038_fs2" 14 168.451893403512
38 "038_fs2" 15 165.772184025743
38 "038_fs2" 16 167.379340983472
38 "038_fs2" 17 164.339814214674
38 "038_fs3" 1 164.380491068134
38 "038_fs3" 2 148.271352850203
38 "038_fs3" 3 153.450699110059
38 "038_fs3" 4 156.295561631373
38 "038_fs3" 5 172.819349491113
38 "038_fs3" 6 161.910745392365
38 "038_fs3" 7 161.922318661942
38 "038_fs3" 8 159.848665154968
38 "038_fs3" 9 160.70493055797
38 "038_fs3" 10 154.44728390379
38 "038_fs3" 11 157.066537255303
38 "038_fs3" 12 157.120483230842
38 "038_fs3" 13 155.155880958261
39 "039_fs1" 1 177.333469089062
39 "039_fs1" 2 171.97228163877
39 "039_fs1" 3 174.889178862766
39 "039_fs1" 4 181.595037678809
39 "039_fs1" 5 185.174357022358
39 "039_fs1" 6 181.077594798561
39 "039_fs1" 7 172.068959946191
39 "039_fs1" 8 171.55526554962
39 "039_fs1" 9 170.444443736841
39 "039_fs1" 10 171.622095368436
39 "039_fs1" 11 171.224692444775
39 "039_fs1" 12 172.674605225872
39 "039_fs1" 13 179.88386130597
39 "039_fs1" 14 174.799066841556
39 "039_fs1" 15 177.180674858081
39 "039_fs1" 16 177.293290331373
39 "039_fs1" 17 175.70148272945
39 "039_fs1" 18 177.30395926561
39 "039_fs1" 19 174.560335583883
39 "039_fs1" 20 175.596905184868
39 "039_fs2" 1 183.963453548687
39 "039_fs2" 2 173.720426204227
39 "039_fs2" 3 167.847219062206
39 "039_fs2" 4 165.041071124173
39 "039_fs2" 5 182.095327413373
39 "039_fs2" 6 175.96403853757
39 "039_fs2" 7 174.771643292259
39 "039_fs2" 8 178.847190811577
39 "039_fs2" 9 190.755464892464
39 "039_fs2" 10 186.047399430306
39 "039_fs2" 11 182.88604243603
39 "039_fs2" 12 178.396827423209
39 "039_fs2" 13 179.1204690897
39 "039_fs2" 14 173.757583196439
39 "039_fs2" 15 179.49876636584
39 "039_fs2" 16 176.57599405434
39 "039_fs2" 17 178.528156888892
39 "039_fs3" 1 179.359424582235
39 "039_fs3" 2 178.809889372203
39 "039_fs3" 3 173.043294117034
39 "039_fs3" 4 165.829291022052
39 "039_fs3" 5 187.338079629233
39 "039_fs3" 6 173.674300559317
39 "039_fs3" 7 170.883794507967
39 "039_fs3" 8 161.489666443423
39 "039_fs3" 9 180.401234370123
39 "039_fs3" 10 177.794306160649
39 "039_fs3" 11 177.658740582183
39 "039_fs3" 12 179.960655167344
39 "039_fs3" 13 183.289187223063
39 "039_fs3" 14 179.743160261811
39 "039_fs3" 15 175.912910918558
39 "039_fs3" 16 176.820563631413
40 "040_fs1" 1 164.112142422132
40 "040_fs1" 2 153.682898914166
40 "040_fs1" 3 152.698169108634
40 "040_fs1" 4 155.042096578647
40 "040_fs1" 5 168.692581806854
40 "040_fs1" 6 154.101267991383
40 "040_fs1" 7 152.51573507755
40 "040_fs1" 8 152.010639096511
40 "040_fs1" 9 156.824151281845
40 "040_fs1" 10 158.233220404932
40 "040_fs1" 11 160.318773254959
40 "040_fs1" 12 161.047626527449
40 "040_fs1" 13 159.766999770418
40 "040_fs1" 14 160.476742769858
40 "040_fs1" 15 160.243068710033
40 "040_fs1" 16 158.791814166051
40 "040_fs1" 17 157.280275667226
40 "040_fs1" 18 154.354467771715
40 "040_fs1" 19 152.979996441348
40 "040_fs2" 1 164.877327486923
40 "040_fs2" 2 159.38982690288
40 "040_fs2" 3 155.686440140986
40 "040_fs2" 4 154.417895229598
40 "040_fs2" 5 163.417522349156
40 "040_fs2" 6 155.640877812988
40 "040_fs2" 7 154.910289644471
40 "040_fs2" 8 155.075359012556
40 "040_fs2" 9 157.614209436837
40 "040_fs2" 10 161.086326725404
40 "040_fs2" 11 157.393897658468
40 "040_fs2" 12 165.290881370247
40 "040_fs2" 13 164.199506360609
40 "040_fs2" 14 161.602715233748
40 "040_fs2" 15 161.367797292086
40 "040_fs2" 16 161.134636433969
40 "040_fs2" 17 157.141332819004
40 "040_fs2" 18 157.553927489518
40 "040_fs3" 1 160.250867228613
40 "040_fs3" 2 158.659897597108
40 "040_fs3" 3 148.227265020934
40 "040_fs3" 4 154.991907997264
40 "040_fs3" 5 164.188226277969
40 "040_fs3" 6 162.845902438435
40 "040_fs3" 7 159.121539789872
40 "040_fs3" 8 157.756176008245
40 "040_fs3" 9 162.227814562821
40 "040_fs3" 10 157.498462306574
40 "040_fs3" 11 159.539417508066
40 "040_fs3" 12 159.245871610753
40 "040_fs3" 13 157.342467187036
40 "040_fs3" 14 156.103005684464
40 "040_fs3" 15 157.516749481042
40 "040_fs3" 16 154.01126539429
40 "040_fs3" 17 155.942762608083
40 "040_fs4" 1 161.513790780975
40 "040_fs4" 2 149.352822449697
40 "040_fs4" 3 154.977161309231
40 "040_fs4" 4 161.655899648232
40 "040_fs4" 5 161.178891477015
40 "040_fs4" 6 159.254509521831
40 "040_fs4" 7 157.746777350925
40 "040_fs4" 8 159.034075715228
40 "040_fs4" 9 155.719738326297
40 "040_fs4" 10 155.228504432672
40 "040_fs4" 11 159.16837714271
40 "040_fs4" 12 160.467050889724
40 "040_fs4" 13 162.202037710398
40 "040_fs4" 14 164.163826636773
40 "040_fs4" 15 163.611878424544
40 "040_fs4" 16 160.419129722655
41 "041_fs1" 1 151.425163134879
41 "041_fs1" 2 146.260715486771
41 "041_fs1" 3 145.107746942891
41 "041_fs1" 4 153.723344685614
41 "041_fs1" 5 152.558852994018
41 "041_fs1" 6 151.681825826584
41 "041_fs1" 7 143.60900879333
41 "041_fs1" 8 150.216009826641
41 "041_fs1" 9 151.409948637725
41 "041_fs1" 10 154.854683700447
41 "041_fs1" 11 158.795851518156
41 "041_fs1" 12 154.036795633797
41 "041_fs1" 13 151.544100009352
41 "041_fs1" 14 150.397521102987
41 "041_fs1" 15 149.331775260546
41 "041_fs2" 1 152.64993636418
41 "041_fs2" 2 145.685063815347
41 "041_fs2" 3 150.861596554348
41 "041_fs2" 4 155.266964544773
41 "041_fs2" 5 146.603967663861
41 "041_fs2" 6 145.616163613378
41 "041_fs2" 7 156.140164111368
41 "041_fs2" 8 152.012142383985
41 "041_fs2" 9 146.027216354155
41 "041_fs2" 10 147.613913668643
41 "041_fs2" 11 145.750605296979
41 "041_fs2" 12 144.69612213188
42 "042_fs1" 1 166.861836473679
42 "042_fs1" 2 155.284881007732
42 "042_fs1" 3 151.25792471552
42 "042_fs1" 4 157.836017483396
42 "042_fs1" 5 163.071686261443
42 "042_fs1" 6 170.761183655401
42 "042_fs1" 7 157.300433115567
42 "042_fs1" 8 162.527631487556
42 "042_fs1" 9 166.467667300679
42 "042_fs1" 10 169.186979853546
42 "042_fs1" 11 173.761199791158
42 "042_fs1" 12 176.59103899759
42 "042_fs1" 13 164.790782315868
42 "042_fs1" 14 167.892418658798
42 "042_fs2" 1 163.903321456768
42 "042_fs2" 2 157.78739263464
42 "042_fs2" 3 147.747742163969
42 "042_fs2" 4 159.913877382532
42 "042_fs2" 5 167.532491405451
42 "042_fs2" 6 184.573850330747
42 "042_fs2" 7 166.382853721255
42 "042_fs2" 8 159.744704552327
42 "042_fs2" 9 158.509325416492
42 "042_fs2" 10 169.403902772543
42 "042_fs2" 11 172.913988590184
42 "042_fs2" 12 169.232230832023
42 "042_fs2" 13 184.198824466344
42 "042_fs2" 14 162.334729010283
42 "042_fs3" 1 165.638497602236
42 "042_fs3" 2 157.720450877945
42 "042_fs3" 3 142.531295791497
42 "042_fs3" 4 154.021973905427
42 "042_fs3" 5 162.955334054173
42 "042_fs3" 6 161.064359596493
42 "042_fs3" 7 161.821282073429
42 "042_fs3" 8 160.029936227377
42 "042_fs3" 9 157.136862215387
42 "042_fs3" 10 161.17094228438
42 "042_fs3" 11 161.832786811796
42 "042_fs3" 12 161.145837070314
42 "042_fs3" 13 164.025933769879
42 "042_fs3" 14 163.495446801303
42 "042_fs4" 1 168.399225280864
42 "042_fs4" 2 160.068427344326
42 "042_fs4" 3 153.525765419579
42 "042_fs4" 4 159.890163857159
42 "042_fs4" 5 160.276595271789
42 "042_fs4" 6 169.46927630966
42 "042_fs4" 7 167.556109743372
42 "042_fs4" 8 170.037948343347
42 "042_fs4" 9 169.030982203558
42 "042_fs4" 10 163.445167204412
42 "042_fs4" 11 164.244009667134
42 "042_fs4" 12 172.178017069782
42 "042_fs4" 13 170.184923582986
42 "042_fs4" 14 171.619376129742
42 "042_fs4" 15 169.700994461992
42 "042_fs4" 16 169.589371820092
45 "045_fs1" 1 144.797896149913
45 "045_fs1" 2 139.870386221053
45 "045_fs1" 3 148.206889118369
45 "045_fs1" 4 151.586912695121
45 "045_fs1" 5 146.645065248376
45 "045_fs1" 6 141.333513543822
45 "045_fs1" 7 138.935388970566
45 "045_fs1" 8 134.371351849805
45 "045_fs1" 9 134.907397524314
45 "045_fs1" 10 133.105298961027
45 "045_fs1" 11 134.944942987774
45 "045_fs1" 12 135.079454328884
45 "045_fs1" 13 139.89311523843
45 "045_fs1" 14 138.660251862171
45 "045_fs1" 15 141.089203824082
45 "045_fs1" 16 141.029308777949
45 "045_fs2" 1 146.097265339765
45 "045_fs2" 2 143.359292052101
45 "045_fs2" 3 129.837226331793
45 "045_fs2" 4 142.633508909117
45 "045_fs2" 5 150.625927192866
45 "045_fs2" 6 138.549472911699
45 "045_fs2" 7 132.530578215669
45 "045_fs2" 8 143.958434789387
45 "045_fs2" 9 143.663382845137
45 "045_fs2" 10 139.51607938773
45 "045_fs2" 11 139.198207747985
45 "045_fs2" 12 143.943636716124
45 "045_fs2" 13 147.25467539056
45 "045_fs2" 14 138.334728546398
45 "045_fs2" 15 142.674806562966
45 "045_fs2" 16 141.865575228614
45 "045_fs2" 17 141.159245987186
45 "045_fs2" 18 143.884080461505
45 "045_fs3" 1 142.726838844309
45 "045_fs3" 2 129.527959635181
45 "045_fs3" 3 148.00817556703
45 "045_fs3" 4 135.857258112187
45 "045_fs3" 5 144.114241175607
45 "045_fs3" 6 148.564308804616
45 "045_fs3" 7 142.389124718435
45 "045_fs3" 8 136.36486624597
45 "045_fs3" 9 141.914747577285
45 "045_fs3" 10 142.191645856799
45 "045_fs3" 11 141.029460172145
45 "045_fs3" 12 141.839357912219
45 "045_fs3" 13 146.738796039321
45 "045_fs3" 14 142.555140957219
45 "045_fs3" 15 144.111724242481
45 "045_fs3" 16 142.634706317413
46 "046_fs1" 1 161.388038767846
46 "046_fs1" 2 154.895235629678
46 "046_fs1" 3 159.021026654112
46 "046_fs1" 4 167.334876135539
46 "046_fs1" 5 159.873827098207
46 "046_fs1" 6 170.932087114482
46 "046_fs1" 7 173.133501186446
46 "046_fs1" 8 172.091796620719
46 "046_fs1" 9 167.225320021399
46 "046_fs1" 10 167.854864907368
46 "046_fs1" 11 169.761780060001
46 "046_fs1" 12 164.285259077366
46 "046_fs1" 13 169.460522968465
46 "046_fs1" 14 163.003410037423
46 "046_fs1" 15 162.161240407037
46 "046_fs1" 16 161.823112138387
46 "046_fs1" 17 162.04900143998
46 "046_fs1" 18 161.071616630603
46 "046_fs1" 19 158.140973387173
46 "046_fs2" 1 159.845700260143
46 "046_fs2" 2 155.686037736229
46 "046_fs2" 3 165.985304649119
46 "046_fs2" 4 171.909081426953
46 "046_fs2" 5 159.224951068661
46 "046_fs2" 6 173.999567590809
46 "046_fs2" 7 168.835875182492
46 "046_fs2" 8 169.435949232519
46 "046_fs2" 9 169.362330756609
46 "046_fs2" 10 167.09254098267
46 "046_fs2" 11 167.12015983965
46 "046_fs2" 12 167.480088580071
46 "046_fs2" 13 165.693517515355
46 "046_fs2" 14 166.531819477263
46 "046_fs2" 15 166.465314703656
46 "046_fs3" 1 165.195381699733
46 "046_fs3" 2 161.630323462862
46 "046_fs3" 3 160.004821830156
46 "046_fs3" 4 165.585899241399
46 "046_fs3" 5 167.899544421984
46 "046_fs3" 6 176.888005040778
46 "046_fs3" 7 167.648330600874
46 "046_fs3" 8 165.722779036496
46 "046_fs3" 9 163.088902508688
46 "046_fs3" 10 159.742694377707
46 "046_fs3" 11 162.502044461304
46 "046_fs3" 12 162.320517703951
46 "046_fs3" 13 159.883268062281
46 "046_fs3" 14 159.521110997785
46 "046_fs3" 15 158.185932805629
46 "046_fs3" 16 158.797011521457
46 "046_fs3" 17 157.951325817296
167 "167_fs1" 1 142.2173430719
167 "167_fs1" 2 128.724804698523
167 "167_fs1" 3 150.409100632917
167 "167_fs1" 4 134.470939873004
167 "167_fs1" 5 130.931535648305
167 "167_fs1" 6 129.653042706609
167 "167_fs1" 7 138.466734289374
167 "167_fs1" 8 141.541736060754
167 "167_fs1" 9 141.196335202111
167 "167_fs1" 10 144.015180499686
167 "167_fs1" 11 144.521343457662
167 "167_fs1" 12 139.257274492536
167 "167_fs1" 13 136.424718030372
167 "167_fs1" 14 136.051536033163
167 "167_fs1" 15 142.135964002964
167 "167_fs1" 16 139.2943490948
167 "167_fs1" 17 138.954823417876
167 "167_fs2" 1 140.712956503915
167 "167_fs2" 2 136.689748407607
167 "167_fs2" 3 149.238583314501
167 "167_fs2" 4 138.923829448261
167 "167_fs2" 5 123.969895717498
167 "167_fs2" 6 139.978479769566
167 "167_fs2" 7 136.871954308645
167 "167_fs2" 8 140.69395482037
167 "167_fs2" 9 135.215819867764
167 "167_fs2" 10 138.519296491301
167 "167_fs2" 11 143.6818256071
167 "167_fs2" 12 146.490223126554
167 "167_fs2" 13 142.35541126437
167 "167_fs2" 14 142.418601214982
167 "167_fs3" 1 139.49364732964
167 "167_fs3" 2 127.642681584488
167 "167_fs3" 3 137.456545107244
167 "167_fs3" 4 135.191203741815
167 "167_fs3" 5 154.602112900276
167 "167_fs3" 6 140.656264416596
167 "167_fs3" 7 135.761526637939
167 "167_fs3" 8 128.728262705314
167 "167_fs3" 9 144.216461400978
167 "167_fs3" 10 134.09964388084
167 "167_fs3" 11 142.563062205478
167 "167_fs3" 12 142.29030974541
167 "167_fs3" 13 145.156256438397
167 "167_fs3" 14 144.281793647147
168 "168_fs1" 1 218.092839582714
168 "168_fs1" 2 206.996977461312
168 "168_fs1" 3 215.120997084304
168 "168_fs1" 4 213.737406606362
168 "168_fs1" 5 221.446985875623
168 "168_fs1" 6 228.163870136378
168 "168_fs1" 7 233.178771772073
168 "168_fs1" 8 202.257612987321
168 "168_fs1" 9 216.951918289759
168 "168_fs1" 10 216.075139419024
168 "168_fs1" 11 221.705038845912
168 "168_fs1" 12 212.093429644003
168 "168_fs1" 13 212.902639596074
168 "168_fs1" 14 215.101867771133
168 "168_fs1" 15 205.704843350111
168 "168_fs1" 16 211.221182344119
168 "168_fs2" 1 217.354402738807
168 "168_fs2" 2 208.201345026714
168 "168_fs2" 3 188.773399536982
168 "168_fs2" 4 221.005332313146
168 "168_fs2" 5 220.01804218478
168 "168_fs2" 6 225.331706534085
168 "168_fs2" 7 201.813636614214
168 "168_fs2" 8 203.194358350932
168 "168_fs2" 9 207.151544425283
168 "168_fs2" 10 216.901249239428
168 "168_fs2" 11 205.782556107523
168 "168_fs2" 12 212.228892976553
168 "168_fs2" 13 217.940417882608
168 "168_fs2" 14 214.006026731845
168 "168_fs2" 15 217.476124559641
168 "168_fs3" 1 221.301351414616
168 "168_fs3" 2 209.063893930185
168 "168_fs3" 3 212.866397529042
168 "168_fs3" 4 210.134323990679
168 "168_fs3" 5 221.757680322145
168 "168_fs3" 6 204.108008821499
168 "168_fs3" 7 213.363931499454
168 "168_fs3" 8 207.192072032021
168 "168_fs3" 9 196.207786489712
168 "168_fs3" 10 208.966146262827
168 "168_fs3" 11 207.535876139526
170 "170_fs1" 1 120.507849618805
170 "170_fs1" 2 120.530138680163
170 "170_fs1" 3 123.591097259628
170 "170_fs1" 4 127.148553000237
170 "170_fs1" 5 115.032153117687
170 "170_fs1" 6 122.927815867931
170 "170_fs1" 7 122.123632265892
170 "170_fs1" 8 120.238200382775
170 "170_fs1" 9 120.781871900096
170 "170_fs1" 10 122.867206974748
170 "170_fs1" 11 120.654336078152
170 "170_fs1" 12 122.724714297653
170 "170_fs1" 13 121.147617529711
170 "170_fs2" 1 119.374800121699
170 "170_fs2" 2 112.359910232883
170 "170_fs2" 3 114.992243388683
170 "170_fs2" 4 122.611276174134
170 "170_fs2" 5 126.065757184724
170 "170_fs2" 6 120.283837573139
170 "170_fs2" 7 116.481759849057
170 "170_fs2" 8 119.907095161871
170 "170_fs2" 9 119.387519018754
170 "170_fs2" 10 118.112162052178
170 "170_fs3" 1 120.459483400821
170 "170_fs3" 2 106.274114263371
170 "170_fs3" 3 106.227499050989
170 "170_fs3" 4 123.001443752849
170 "170_fs3" 5 129.227120971228
170 "170_fs3" 6 116.137026440474
170 "170_fs3" 7 118.277314561573
170 "170_fs3" 8 115.73705196586
170 "170_fs3" 9 118.384260615105
170 "170_fs3" 10 117.294450693985
170 "170_fs3" 11 116.916761817162
170 "170_fs3" 12 118.510087740465
170 "170_fs3" 13 119.433773414434
170 "170_fs3" 14 121.285403313072
170 "170_fs3" 15 121.601117945458
171 "171_fs1" 1 152.554750500233
171 "171_fs1" 2 143.44082594376
171 "171_fs1" 3 139.068665968921
171 "171_fs1" 4 148.67869786624
171 "171_fs1" 5 148.546656231613
171 "171_fs1" 6 155.659095807363
171 "171_fs1" 7 146.123617476186
171 "171_fs1" 8 137.899327667922
171 "171_fs1" 9 143.871445080527
171 "171_fs1" 10 155.833026083017
171 "171_fs1" 11 156.277460333599
171 "171_fs1" 12 157.914213664146
171 "171_fs1" 13 162.893627224632
171 "171_fs1" 14 156.591317001836
171 "171_fs2" 1 154.955071863093
171 "171_fs2" 2 154.300555421268
171 "171_fs2" 3 133.791705387588
171 "171_fs2" 4 152.541026470202
171 "171_fs2" 5 160.566726100761
171 "171_fs2" 6 148.529460974392
171 "171_fs2" 7 143.229165674051
171 "171_fs2" 8 140.64258714908
171 "171_fs2" 9 138.09174213684
171 "171_fs2" 10 132.358430230825
171 "171_fs2" 11 139.508491433616
171 "171_fs2" 12 139.415743775806
171 "171_fs2" 13 142.205732468087
171 "171_fs2" 14 140.371211635965
171 "171_fs2" 15 140.996672893246
171 "171_fs2" 16 141.404040126944
171 "171_fs2" 17 138.761388687698
171 "171_fs2" 18 142.18625847097
171 "171_fs3" 1 149.31666085115
171 "171_fs3" 2 128.418819272215
171 "171_fs3" 3 139.5166104001
171 "171_fs3" 4 146.51433582208
171 "171_fs3" 5 154.395626103433
171 "171_fs3" 6 155.503239536498
171 "171_fs3" 7 148.06797992398
171 "171_fs3" 8 143.612811695117
171 "171_fs3" 9 142.946706971068
171 "171_fs3" 10 152.934767522281
171 "171_fs3" 11 155.806438289155
171 "171_fs3" 12 146.594132306853
171 "171_fs3" 13 152.319812381442
172 "172_fs1" 1 96.9661356545055
172 "172_fs1" 2 90.6395408249694
172 "172_fs1" 3 88.576779680962
172 "172_fs1" 4 87.3761185002081
172 "172_fs1" 5 103.526219463855
172 "172_fs1" 6 104.820209135753
172 "172_fs1" 7 99.8633383710229
172 "172_fs1" 8 102.428118341432
172 "172_fs1" 9 97.50213464356
172 "172_fs1" 10 96.4933716171863
172 "172_fs1" 11 93.8296823901967
172 "172_fs2" 1 94.7936355081233
172 "172_fs2" 2 77.1803403500818
172 "172_fs2" 3 95.4737231756386
172 "172_fs2" 4 85.2865233025991
172 "172_fs2" 5 96.5704420336086
172 "172_fs2" 6 94.6400764904013
172 "172_fs2" 7 89.7633973697663
172 "172_fs2" 8 96.8965048955979
172 "172_fs2" 9 96.3323312620091
172 "172_fs2" 10 88.3273826179552
172 "172_fs2" 11 91.095438357154
172 "172_fs2" 12 88.4880398064746
172 "172_fs3" 1 98.9098188320695
172 "172_fs3" 2 87.8572215499881
172 "172_fs3" 3 94.0115978276869
172 "172_fs3" 4 87.4963146838369
172 "172_fs3" 5 88.8463172819978
172 "172_fs3" 6 95.0731148665384
172 "172_fs3" 7 90.2649886476451
172 "172_fs3" 8 96.2501612387563
172 "172_fs3" 9 98.589868433467
172 "172_fs3" 10 95.4241659416243
172 "172_fs3" 11 94.9426931367295
172 "172_fs3" 12 93.9191867804922
172 "172_fs3" 13 92.1994921419908
172 "172_fs3" 14 94.3091826624713
172 "172_fs3" 15 99.2051395232024
173 "173_fs1" 1 153.32159518431
173 "173_fs1" 2 147.256654455573
173 "173_fs1" 3 140.597201681843
173 "173_fs1" 4 142.475323805874
173 "173_fs1" 5 152.169648074749
173 "173_fs1" 6 147.718749719147
173 "173_fs1" 7 151.722220431372
173 "173_fs1" 8 144.245256027328
173 "173_fs1" 9 157.540495754499
173 "173_fs1" 10 158.857785280115
173 "173_fs1" 11 158.173949502511
173 "173_fs1" 12 158.83323040718
173 "173_fs1" 13 150.194914677824
173 "173_fs1" 14 149.615504104691
173 "173_fs2" 1 149.672051290006
173 "173_fs2" 2 140.771659552632
173 "173_fs2" 3 138.492345628353
173 "173_fs2" 4 156.593816694064
173 "173_fs2" 5 158.085362028053
173 "173_fs2" 6 148.394623375664
173 "173_fs2" 7 163.17711107549
173 "173_fs2" 8 144.880971442218
173 "173_fs2" 9 156.877105416625
173 "173_fs2" 10 167.859699435237
173 "173_fs2" 11 141.865686654044
173 "173_fs2" 12 155.224896375939
173 "173_fs3" 1 149.570503012176
173 "173_fs3" 2 145.77901829341
173 "173_fs3" 3 151.416162909429
173 "173_fs3" 4 156.747179620895
173 "173_fs3" 5 170.599297140518
173 "173_fs3" 6 151.846790486419
173 "173_fs3" 7 171.671778297356
173 "173_fs3" 8 163.722298695751
173 "173_fs3" 9 155.533679123558
173 "173_fs3" 10 155.491795723541
173 "173_fs3" 11 151.096186264866
173 "173_fs3" 12 159.723825991223
173 "173_fs3" 13 155.673908404859
173 "173_fs3" 14 154.17278981027
174 "174_fs1" 1 106.141696548225
174 "174_fs1" 2 91.3232929174851
174 "174_fs1" 3 105.15442408365
174 "174_fs1" 4 104.824623786951
174 "174_fs1" 5 101.118069460523
174 "174_fs1" 6 107.896948261053
174 "174_fs1" 7 109.132747151081
174 "174_fs1" 8 113.463489765107
174 "174_fs1" 9 113.799003708221
174 "174_fs1" 10 117.295144185286
174 "174_fs2" 1 105.930914089805
174 "174_fs2" 2 103.729826381988
174 "174_fs2" 3 99.6376831872628
174 "174_fs2" 4 111.399979967178
174 "174_fs2" 5 100.05741259381
174 "174_fs2" 6 108.929505838748
174 "174_fs2" 7 112.981128727439
174 "174_fs2" 8 107.42822390844
174 "174_fs2" 9 113.341001523503
174 "174_fs2" 10 107.880194397772
174 "174_fs2" 11 109.734211456495
174 "174_fs2" 12 110.414135546285
174 "174_fs2" 13 110.08227286825
174 "174_fs2" 14 110.645808664913
174 "174_fs2" 15 112.606306482834
174 "174_fs3" 1 104.344066207932
174 "174_fs3" 2 101.756160927887
174 "174_fs3" 3 89.9851972093116
174 "174_fs3" 4 103.141942048624
174 "174_fs3" 5 93.0167350437515
174 "174_fs3" 6 102.983004308625
174 "174_fs3" 7 112.786164960287
174 "174_fs3" 8 117.656184410275
174 "174_fs3" 9 103.507758074648
174 "174_fs3" 10 100.513761147254
174 "174_fs3" 11 104.279419291812
174 "174_fs3" 12 112.551696999038
174 "174_fs3" 13 111.590700970093
174 "174_fs3" 14 113.096279731859
174 "174_fs3" 15 115.02867394413
175 "175_fs1" 1 186.226577572373
175 "175_fs1" 2 164.83873113928
175 "175_fs1" 3 170.452012665106
175 "175_fs1" 4 206.180271978783
175 "175_fs1" 5 163.361591763936
175 "175_fs1" 6 159.448019629617
175 "175_fs1" 7 165.087207798225
175 "175_fs1" 8 154.771625491649
175 "175_fs1" 9 182.857758656699
175 "175_fs1" 10 188.962043686471
175 "175_fs1" 11 186.260467682663
175 "175_fs1" 12 181.577600941415
175 "175_fs1" 13 183.197190940241
175 "175_fs1" 14 180.709338060214
175 "175_fs1" 15 182.580754114513
175 "175_fs2" 1 180.201017232563
175 "175_fs2" 2 174.391713066781
175 "175_fs2" 3 175.05050416983
175 "175_fs2" 4 193.394719658831
175 "175_fs2" 5 210.539706518013
175 "175_fs2" 6 173.136916199932
175 "175_fs2" 7 180.654191343962
175 "175_fs2" 8 170.581148412456
175 "175_fs2" 9 182.297644774376
175 "175_fs2" 10 176.827104915978
175 "175_fs2" 11 183.08035682443
175 "175_fs2" 12 211.464927307029
175 "175_fs3" 1 181.143822783108
175 "175_fs3" 2 179.817382189465
175 "175_fs3" 3 168.67519953796
175 "175_fs3" 4 181.201054536753
175 "175_fs3" 5 179.95631880549
175 "175_fs3" 6 180.195513371532
175 "175_fs3" 7 188.284802846536
175 "175_fs3" 8 176.323582066348
175 "175_fs3" 9 181.087353893484
175 "175_fs3" 10 182.575041750449
175 "175_fs3" 11 176.465835891391
176 "176_fs1" 1 175.434257017757
176 "176_fs1" 2 162.539788942093
176 "176_fs1" 3 170.861755648348
176 "176_fs1" 4 187.656744283239
176 "176_fs1" 5 173.409081106373
176 "176_fs1" 6 198.22490087736
176 "176_fs1" 7 158.978515616005
176 "176_fs1" 8 167.040001380597
176 "176_fs1" 9 173.679978457222
176 "176_fs1" 10 189.504821929593
176 "176_fs1" 11 181.829636190486
176 "176_fs1" 12 177.49561705116
176 "176_fs2" 1 180.430077576977
176 "176_fs2" 2 168.674686802535
176 "176_fs2" 3 167.999994663394
176 "176_fs2" 4 188.167736151933
176 "176_fs2" 5 197.79459107681
176 "176_fs2" 6 214.255277281887
176 "176_fs2" 7 216.268822160917
176 "176_fs2" 8 191.99386024336
176 "176_fs2" 9 183.98241508096
176 "176_fs2" 10 187.180345751722
176 "176_fs2" 11 166.932282943417
176 "176_fs2" 12 171.558984649333
176 "176_fs2" 13 167.827321319385
176 "176_fs2" 14 175.573123936323
176 "176_fs3" 1 178.741096138578
176 "176_fs3" 2 167.59628128322
176 "176_fs3" 3 176.627973488773
176 "176_fs3" 4 174.574123704694
176 "176_fs3" 5 181.856548364378
176 "176_fs3" 6 186.874629402534
176 "176_fs3" 7 181.003469009667
176 "176_fs3" 8 163.375583453195
176 "176_fs3" 9 173.519866678223
176 "176_fs3" 10 169.658190856619
176 "176_fs3" 11 172.317677063062
176 "176_fs3" 12 168.098707262024
176 "176_fs3" 13 175.152697299478
176 "176_fs3" 14 172.448560769076
177 "177_fs1" 1 115.19869259929
177 "177_fs1" 2 119.450176081112
177 "177_fs1" 3 112.270982782399
177 "177_fs1" 4 103.904952276482
177 "177_fs1" 5 102.636968764503
177 "177_fs1" 6 114.269857476606
177 "177_fs1" 7 117.221099743087
177 "177_fs1" 8 115.951049760194
177 "177_fs1" 9 114.318546752787
177 "177_fs1" 10 116.688519155228
177 "177_fs1" 11 118.109996026222
177 "177_fs1" 12 117.583631135175
177 "177_fs1" 13 117.768362268983
177 "177_fs2" 1 109.877235818826
177 "177_fs2" 2 110.864524277411
177 "177_fs2" 3 109.173097569186
177 "177_fs2" 4 104.013566301763
177 "177_fs2" 5 122.557416090433
177 "177_fs2" 6 118.194337987977
177 "177_fs2" 7 116.496867487984
177 "177_fs2" 8 113.245787526968
177 "177_fs2" 9 112.779972928503
177 "177_fs2" 10 109.100411085861
177 "177_fs2" 11 107.903390653122
177 "177_fs2" 12 107.963689906591
177 "177_fs2" 13 112.594263794898
177 "177_fs3" 1 113.589057681222
177 "177_fs3" 2 96.0553660897099
177 "177_fs3" 3 114.882685537567
177 "177_fs3" 4 116.224271221446
177 "177_fs3" 5 111.951474097828
177 "177_fs3" 6 115.392651803707
177 "177_fs3" 7 118.731194323324
177 "177_fs3" 8 116.805938618312
177 "177_fs3" 9 117.727667731985
177 "177_fs3" 10 117.875865240014
177 "177_fs3" 11 113.215344780722
177 "177_fs3" 12 115.091417445491
177 "177_fs4" 1 117.527110758277
177 "177_fs4" 2 119.074149870374
177 "177_fs4" 3 106.125832589735
177 "177_fs4" 4 117.153939884008
177 "177_fs4" 5 115.176469264439
177 "177_fs4" 6 107.854630923055
177 "177_fs4" 7 110.324362515479
177 "177_fs4" 8 107.824690695184
177 "177_fs4" 9 112.039161055132
177 "177_fs4" 10 112.490362403064
177 "177_fs4" 11 113.688192440029
177 "177_fs4" 12 114.349783522998
178 "178_fs1" 1 107.903764313809
178 "178_fs1" 2 99.6887146730005
178 "178_fs1" 3 99.3003709468882
178 "178_fs1" 4 103.891830847534
178 "178_fs1" 5 108.331877117326
178 "178_fs1" 6 101.940869879461
178 "178_fs1" 7 109.680940047411
178 "178_fs1" 8 100.132079046352
178 "178_fs1" 9 106.094556033697
178 "178_fs1" 10 110.293493096794
178 "178_fs1" 11 111.687495961641
178 "178_fs1" 12 108.518660010483
178 "178_fs1" 13 115.167078858365
178 "178_fs1" 14 121.264946983328
178 "178_fs1" 15 103.359331550087
178 "178_fs1" 16 106.634123048204
178 "178_fs2" 1 110.544169583818
178 "178_fs2" 2 110.734806890753
178 "178_fs2" 3 93.0221408119672
178 "178_fs2" 4 96.4429246512901
178 "178_fs2" 5 97.2027457358542
178 "178_fs2" 6 98.6524806573859
178 "178_fs2" 7 102.523474088335
178 "178_fs2" 8 106.610305573197
178 "178_fs2" 9 105.679542786344
178 "178_fs2" 10 110.388012808348
178 "178_fs2" 11 103.983468091028
178 "178_fs2" 12 104.191032554984
179 "179_fs1" 1 157.488369454025
179 "179_fs1" 2 131.414779279794
179 "179_fs1" 3 165.458711616098
179 "179_fs1" 4 190.785731792427
179 "179_fs1" 5 141.773713486888
179 "179_fs1" 6 157.647778450497
179 "179_fs1" 7 161.368918310416
179 "179_fs1" 8 162.22075605088
179 "179_fs1" 9 160.206747998968
179 "179_fs1" 10 165.150548755484
179 "179_fs1" 11 165.290155386119
179 "179_fs1" 12 175.435454322145
179 "179_fs1" 13 166.764942667376
179 "179_fs2" 1 156.248876612625
179 "179_fs2" 2 152.291915694368
179 "179_fs2" 3 143.199524864223
179 "179_fs2" 4 158.391598671973
179 "179_fs2" 5 165.110147440508
179 "179_fs2" 6 179.020009979424
179 "179_fs2" 7 144.115507650142
179 "179_fs2" 8 141.743948606577
179 "179_fs2" 9 148.644134978344
179 "179_fs2" 10 152.117159486942
179 "179_fs2" 11 147.682890764792
179 "179_fs2" 12 152.438239068871
179 "179_fs3" 1 154.69485812039
179 "179_fs3" 2 149.388785078997
179 "179_fs3" 3 139.181438407667
179 "179_fs3" 4 149.301905925436
179 "179_fs3" 5 155.508085755155
179 "179_fs3" 6 148.085690018052
179 "179_fs3" 7 151.821769991238
179 "179_fs3" 8 166.705708513713
179 "179_fs3" 9 175.579072559642
179 "179_fs3" 10 161.137180139373
179 "179_fs3" 11 156.331211402787
179 "179_fs3" 12 155.730652236193
179 "179_fs3" 13 159.330563966763
180 "180_fs1" 1 123.32313018153
180 "180_fs1" 2 112.685788607808
180 "180_fs1" 3 122.093305573429
180 "180_fs1" 4 125.635092952049
180 "180_fs1" 5 130.223367794294
180 "180_fs1" 6 123.059818883203
180 "180_fs1" 7 117.678425371531
180 "180_fs1" 8 120.284022954271
180 "180_fs1" 9 126.24095565126
180 "180_fs1" 10 126.747779524615
180 "180_fs1" 11 126.785238625061
180 "180_fs1" 12 125.616423479997
180 "180_fs1" 13 126.510725072241
180 "180_fs2" 1 127.691721951177
180 "180_fs2" 2 124.200001628852
180 "180_fs2" 3 120.229335010701
180 "180_fs2" 4 121.00833968962
180 "180_fs2" 5 125.649997872364
180 "180_fs2" 6 112.07830669561
180 "180_fs2" 7 119.787717891728
180 "180_fs2" 8 127.889979669017
180 "180_fs2" 9 127.558108534798
180 "180_fs2" 10 119.308714209838
180 "180_fs2" 11 126.810347309275
180 "180_fs2" 12 131.126755732866
180 "180_fs2" 13 132.001399157933
181 "181_fs1" 1 123.918716846323
181 "181_fs1" 2 123.255809273114
181 "181_fs1" 3 119.62040763461
181 "181_fs1" 4 119.93572129666
181 "181_fs1" 5 122.855356335764
181 "181_fs1" 6 121.403927467391
181 "181_fs1" 7 121.59977922974
181 "181_fs1" 8 109.84859604994
181 "181_fs1" 9 126.695937193186
181 "181_fs1" 10 120.549674808027
183 "183_fs1" 1 169.598280326404
183 "183_fs1" 2 165.318367475683
183 "183_fs1" 3 175.161394268306
183 "183_fs1" 4 163.872267883269
183 "183_fs1" 5 153.38830946218
183 "183_fs1" 6 141.362898482336
183 "183_fs1" 7 186.357829215647
183 "183_fs1" 8 169.917321985508
183 "183_fs1" 9 182.790584369173
183 "183_fs1" 10 178.559146032179
183 "183_fs1" 11 189.064580471565
183 "183_fs1" 12 197.084230091214
183 "183_fs1" 13 180.095378087811
183 "183_fs1" 14 176.633984844554
183 "183_fs1" 15 182.691927810496
183 "183_fs2" 1 174.19592060105
183 "183_fs2" 2 163.475456103717
183 "183_fs2" 3 166.212194909444
183 "183_fs2" 4 171.305439825947
183 "183_fs2" 5 168.872475695361
183 "183_fs2" 6 166.083912767951
183 "183_fs2" 7 169.354800545806
183 "183_fs2" 8 166.647890014637
183 "183_fs2" 9 164.156888755318
183 "183_fs2" 10 164.191160408879
183 "183_fs2" 11 164.352995387668
183 "183_fs2" 12 163.608081459644
183 "183_fs2" 13 168.611651624776
184 "184_fs1" 1 197.468857573595
184 "184_fs1" 2 187.152720864448
184 "184_fs1" 3 188.300582703098
184 "184_fs1" 4 190.066186169653
184 "184_fs1" 5 195.848758372307
184 "184_fs1" 6 205.693126519087
184 "184_fs1" 7 190.607154119163
184 "184_fs1" 8 183.039797901302
184 "184_fs1" 9 194.709915406771
184 "184_fs1" 10 200.781457459274
184 "184_fs1" 11 197.336433187439
184 "184_fs1" 12 196.430039289254
184 "184_fs1" 13 203.592958420248
184 "184_fs2" 1 192.801050484485
184 "184_fs2" 2 186.707721192754
184 "184_fs2" 3 193.146591934896
184 "184_fs2" 4 194.729463878588
184 "184_fs2" 5 192.295882938387
184 "184_fs2" 6 195.96354088547
184 "184_fs2" 7 198.00426325308
184 "184_fs2" 8 187.495835742486
184 "184_fs2" 9 192.268700093999
184 "184_fs2" 10 181.919795655503
184 "184_fs2" 11 192.776824658837
184 "184_fs2" 12 197.743123174021
184 "184_fs2" 13 185.934117341369
184 "184_fs2" 14 186.165138577175
185 "185_fs1" 1 140.433048401403
185 "185_fs1" 2 137.588159380454
185 "185_fs1" 3 130.943717544845
185 "185_fs1" 4 139.198111524759
185 "185_fs1" 5 141.938005585468
185 "185_fs1" 6 136.595503473801
185 "185_fs1" 7 136.97001420765
185 "185_fs1" 8 133.059021198525
185 "185_fs1" 9 147.211861501042
185 "185_fs1" 10 144.887582487356
185 "185_fs1" 11 132.841099312633
185 "185_fs1" 12 143.104764855253
185 "185_fs2" 1 133.430694105837
185 "185_fs2" 2 114.598934765307
185 "185_fs2" 3 130.04248287174
185 "185_fs2" 4 131.345789803163
185 "185_fs2" 5 138.55969086817
185 "185_fs2" 6 135.176089800884
185 "185_fs2" 7 133.588403520506
185 "185_fs2" 8 137.589712782004
185 "185_fs2" 9 139.46588421072
185 "185_fs2" 10 138.612757449795
185 "185_fs2" 11 137.50427825204
185 "185_fs2" 12 139.620341609202
185 "185_fs3" 1 138.800214177549
185 "185_fs3" 2 121.00387928107
185 "185_fs3" 3 121.056092463812
185 "185_fs3" 4 129.063979490628
185 "185_fs3" 5 129.167209497633
185 "185_fs3" 6 132.276908884947
185 "185_fs3" 7 131.522150841519
185 "185_fs3" 8 136.326051292168
185 "185_fs3" 9 137.901555870497
185 "185_fs3" 10 134.167499044289
186 "186_fs1" 1 159.669941641243
186 "186_fs1" 2 154.927993554093
186 "186_fs1" 3 144.606767817389
186 "186_fs1" 4 156.236480575163
186 "186_fs1" 5 162.506698047737
186 "186_fs1" 6 155.857861575736
186 "186_fs1" 7 150.682674979456
186 "186_fs1" 8 149.433739876538
186 "186_fs1" 9 146.068426983709
186 "186_fs1" 10 151.68966137182
186 "186_fs1" 11 149.551905568847
186 "186_fs1" 12 152.877718454077
186 "186_fs2" 1 160.787161475397
186 "186_fs2" 2 153.187580073353
186 "186_fs2" 3 153.746932392463
186 "186_fs2" 4 159.750327386393
186 "186_fs2" 5 168.697735715863
186 "186_fs2" 6 157.764889139264
186 "186_fs2" 7 153.401768961406
186 "186_fs2" 8 158.027137972266
186 "186_fs2" 9 158.122682702167
186 "186_fs2" 10 160.759917888221
186 "186_fs2" 11 153.044044532254
186 "186_fs2" 12 158.445322156648
186 "186_fs2" 13 157.559948627461
186 "186_fs2" 14 155.113452259365
186 "186_fs2" 15 157.34755192803
188 "188_fs1" 1 131.941771194765
188 "188_fs1" 2 130.656209183151
188 "188_fs1" 3 121.726956126221
188 "188_fs1" 4 135.158637764305
188 "188_fs1" 5 134.660007255409
188 "188_fs1" 6 136.032720394874
188 "188_fs1" 7 139.590951728925
188 "188_fs1" 8 133.052560180045
188 "188_fs1" 9 136.483698351062
188 "188_fs2" 1 138.518264410598
188 "188_fs2" 2 129.91660273928
188 "188_fs2" 3 127.927194712782
188 "188_fs2" 4 134.661424368209
188 "188_fs2" 5 137.68257254869
188 "188_fs2" 6 128.57440288341
188 "188_fs2" 7 133.732977292848
188 "188_fs2" 8 131.643407958519
188 "188_fs2" 9 133.467390347973
188 "188_fs2" 10 133.341981557138
188 "188_fs2" 11 130.365665935798
188 "188_fs2" 12 130.720104079026
188 "188_fs2" 13 133.711757013307
188 "188_fs2" 14 137.773805126329
188 "188_fs2" 15 135.485373143433
189 "189_fs1" 1 135.775819825817
189 "189_fs1" 2 129.443900093715
189 "189_fs1" 3 130.523011215524
189 "189_fs1" 4 139.109347061211
189 "189_fs1" 5 148.460236809098
189 "189_fs1" 6 125.523953189704
189 "189_fs1" 7 139.23165511067
189 "189_fs2" 1 129.000898155006
189 "189_fs2" 2 115.374098508198
189 "189_fs2" 3 139.67357009109
189 "189_fs2" 4 122.85494202722
189 "189_fs2" 5 137.057033889955
189 "189_fs2" 6 135.688153425457
189 "189_fs2" 7 131.610503843328
189 "189_fs2" 8 126.091259430818
189 "189_fs2" 9 127.845793826008
189 "189_fs3" 1 140.749620555588
189 "189_fs3" 2 116.10912820235
189 "189_fs3" 3 135.180699159417
189 "189_fs3" 4 141.863179177521
189 "189_fs3" 5 137.696779287132
189 "189_fs3" 6 126.58725972255
189 "189_fs3" 7 139.829547101933
189 "189_fs3" 8 143.163143690874
189 "189_fs3" 9 137.249372796488
189 "189_fs3" 10 139.069772340015
190 "190_fs1" 1 172.350318209791
190 "190_fs1" 2 174.63369294469
190 "190_fs1" 3 156.013521673478
190 "190_fs1" 4 162.494521429687
190 "190_fs1" 5 178.423332531096
190 "190_fs1" 6 178.188076720034
190 "190_fs1" 7 204.810001554755
190 "190_fs1" 8 192.68407181311
190 "190_fs1" 9 165.293472269954
190 "190_fs1" 10 161.664978187079
190 "190_fs1" 11 168.854476276748
190 "190_fs1" 12 170.585741752775
190 "190_fs1" 13 175.355922960188
190 "190_fs1" 14 173.730768356192
190 "190_fs2" 1 178.255093576369
190 "190_fs2" 2 162.265848523024
190 "190_fs2" 3 148.690560708992
190 "190_fs2" 4 171.06846396161
190 "190_fs2" 5 194.725115099842
190 "190_fs2" 6 178.667701911428
190 "190_fs2" 7 177.218849703558
190 "190_fs2" 8 184.17281782252
190 "190_fs2" 9 170.939474094562
190 "190_fs2" 10 173.197082901503
190 "190_fs2" 11 171.521447022203
190 "190_fs2" 12 176.700140835414
190 "190_fs2" 13 161.158055656693
190 "190_fs3" 1 176.075102494091
190 "190_fs3" 2 158.315429038465
190 "190_fs3" 3 156.107078426183
190 "190_fs3" 4 169.911342436939
190 "190_fs3" 5 175.444957352439
190 "190_fs3" 6 180.221213253324
190 "190_fs3" 7 206.087880999582
190 "190_fs3" 8 194.019670697976
190 "190_fs3" 9 177.728965088252
190 "190_fs3" 10 179.713595966882
190 "190_fs3" 11 171.035773823254
190 "190_fs3" 12 180.197775187189
190 "190_fs4" 1 150.888133203687
190 "190_fs4" 2 148.445451874174
190 "190_fs4" 3 131.26810980917
190 "190_fs4" 4 161.192060584279
190 "190_fs4" 5 176.716347840412
190 "190_fs4" 6 210.117126860564
190 "190_fs4" 7 196.863947515878
190 "190_fs4" 8 164.275676240729
190 "190_fs4" 9 164.512656998622
190 "190_fs4" 10 163.092235016941
190 "190_fs4" 11 175.569679303855
190 "190_fs4" 12 174.469752791054
190 "190_fs4" 13 166.695247324406
190 "190_fs4" 14 170.80118549213
191 "191_fs1" 1 136.611953190968
191 "191_fs1" 2 128.20045178519
191 "191_fs1" 3 138.020555981549
191 "191_fs1" 4 125.625065670191
191 "191_fs1" 5 128.258488382984
191 "191_fs1" 6 116.277966433202
191 "191_fs1" 7 128.740574726458
191 "191_fs1" 8 123.635263593838
191 "191_fs1" 9 133.133680926377
191 "191_fs1" 10 128.554461117962
191 "191_fs1" 11 132.114434046377
191 "191_fs1" 12 129.673045853857
191 "191_fs2" 1 133.784524132218
191 "191_fs2" 2 129.545443009612
191 "191_fs2" 3 122.43104961284
191 "191_fs2" 4 127.862166000766
191 "191_fs2" 5 137.752440601429
191 "191_fs2" 6 135.813344045155
191 "191_fs2" 7 132.641235196181
191 "191_fs2" 8 129.436246961285
191 "191_fs2" 9 128.337151360834
191 "191_fs2" 10 126.608621517866
191 "191_fs2" 11 127.804548393276
191 "191_fs2" 12 131.430956969164
192 "192_fs1" 1 156.405907748874
192 "192_fs1" 2 154.576576125514
192 "192_fs1" 3 140.081537441585
192 "192_fs1" 4 146.066608291643
192 "192_fs1" 5 144.452395939
192 "192_fs1" 6 147.567711213614
192 "192_fs1" 7 147.190251329652
192 "192_fs1" 8 145.570472490659
192 "192_fs1" 9 146.496540433963
192 "192_fs1" 10 149.450608018927
192 "192_fs1" 11 147.884983787836
192 "192_fs1" 12 151.469336044711
193 "193_fs1" 1 118.975735053704
193 "193_fs1" 2 112.432147772179
193 "193_fs1" 3 113.935403078073
193 "193_fs1" 4 117.343264206484
193 "193_fs1" 5 108.980243524403
193 "193_fs1" 6 112.613727712944
193 "193_fs1" 7 118.840627478527
193 "193_fs1" 8 107.464614175111
193 "193_fs1" 9 110.878839861101
193 "193_fs1" 10 106.934730770748
193 "193_fs1" 11 117.121634137977
193 "193_fs1" 12 106.588839034007
193 "193_fs1" 13 110.848616166806
193 "193_fs2" 1 120.024190742414
193 "193_fs2" 2 113.009793605288
193 "193_fs2" 3 105.07694117277
193 "193_fs2" 4 119.30968319362
193 "193_fs2" 5 114.256089361541
193 "193_fs2" 6 109.025258568512
193 "193_fs2" 7 119.304388594466
193 "193_fs2" 8 113.343541442631
193 "193_fs2" 9 114.93738653413
193 "193_fs2" 10 113.265200414242
193 "193_fs3" 1 116.781604879421
193 "193_fs3" 2 114.949216484809
193 "193_fs3" 3 112.051121885113
193 "193_fs3" 4 114.842838216554
193 "193_fs3" 5 117.477959360973
193 "193_fs3" 6 105.716868412344
193 "193_fs3" 7 118.869172644093
193 "193_fs3" 8 122.371836333679
193 "193_fs3" 9 120.513937764334
193 "193_fs3" 10 116.621719441747
194 "194_fs1" 1 100.215021436441
194 "194_fs1" 2 101.615373534847
194 "194_fs1" 3 84.8260340030431
194 "194_fs1" 4 99.1061216101851
194 "194_fs1" 5 100.351962995687
194 "194_fs1" 6 98.039203333452
194 "194_fs1" 7 110.486024277486
194 "194_fs1" 8 97.259602077546
194 "194_fs1" 9 98.0830132542617
194 "194_fs2" 1 103.574265162124
194 "194_fs2" 2 88.0325738936475
194 "194_fs2" 3 99.1603262154267
194 "194_fs2" 4 101.929740745655
194 "194_fs2" 5 100.096157411518
194 "194_fs2" 6 109.190990468765
194 "194_fs2" 7 109.807950880422
194 "194_fs2" 8 106.998918439638
194 "194_fs2" 9 109.550671251709
194 "194_fs2" 10 109.482447147325
195 "195_fs1" 1 109.955002055376
195 "195_fs1" 2 97.4107332411139
195 "195_fs1" 3 105.273279785253
195 "195_fs1" 4 98.7122694215018
195 "195_fs1" 5 98.8567343376626
195 "195_fs1" 6 111.638380640725
195 "195_fs1" 7 107.168050559503
195 "195_fs1" 8 104.729789272337
195 "195_fs1" 9 102.218832922198
195 "195_fs1" 10 109.607853212017
195 "195_fs2" 1 109.62162807563
195 "195_fs2" 2 97.8640416837611
195 "195_fs2" 3 102.841982153441
195 "195_fs2" 4 115.777814497387
195 "195_fs2" 5 106.056804352589
195 "195_fs2" 6 103.933392477709
195 "195_fs2" 7 111.224513087885
195 "195_fs2" 8 117.328803036975
195 "195_fs2" 9 115.627716562813
195 "195_fs2" 10 104.559746581573
195 "195_fs2" 11 109.420869902653
196 "196_fs1" 1 150.675252022349
196 "196_fs1" 2 148.917461765408
196 "196_fs1" 3 136.660863135953
196 "196_fs1" 4 144.20889536908
196 "196_fs1" 5 136.52449347414
196 "196_fs1" 6 145.603950490533
196 "196_fs1" 7 134.877054877113
196 "196_fs1" 8 148.96555353553
196 "196_fs1" 9 150.367569027001
196 "196_fs1" 10 148.806281236572
196 "196_fs1" 11 149.798723788519
196 "196_fs1" 12 152.249858135819
196 "196_fs1" 13 147.762313727592
196 "196_fs1" 14 146.583813543208
196 "196_fs1" 15 145.188996454625
196 "196_fs1" 16 145.940188494625
196 "196_fs2" 1 148.029273991839
196 "196_fs2" 2 142.186295819383
196 "196_fs2" 3 127.836423018213
196 "196_fs2" 4 140.472603725902
196 "196_fs2" 5 137.592238925567
196 "196_fs2" 6 136.924943359499
196 "196_fs2" 7 139.504766090934
196 "196_fs2" 8 139.914110567752
196 "196_fs2" 9 140.707811662366
196 "196_fs2" 10 143.691996235482
196 "196_fs2" 11 141.889336440336
196 "196_fs3" 1 150.858781838338
196 "196_fs3" 2 140.538499546065
196 "196_fs3" 3 134.879509089699
196 "196_fs3" 4 151.663209612
196 "196_fs3" 5 160.388806809149
196 "196_fs3" 6 149.661108764593
196 "196_fs3" 7 145.284190250469
196 "196_fs3" 8 143.188977264097
196 "196_fs3" 9 145.973561855695
196 "196_fs3" 10 149.035347274287
196 "196_fs3" 11 144.823471356309
196 "196_fs3" 12 149.954197289614
197 "197_fs1" 1 110.272159927361
197 "197_fs1" 2 85.1724065807256
197 "197_fs1" 3 105.850029039913
197 "197_fs1" 4 101.850486425411
197 "197_fs1" 5 98.1453607833915
197 "197_fs1" 6 98.4268333578661
197 "197_fs1" 7 95.1436301335646
197 "197_fs1" 8 108.166892487335
197 "197_fs1" 9 107.203091157239
197 "197_fs1" 10 107.969689517999
197 "197_fs1" 11 104.571613891153
197 "197_fs2" 1 110.107952751227
197 "197_fs2" 2 102.162296017975
197 "197_fs2" 3 84.6928608539489
197 "197_fs2" 4 102.649100673875
197 "197_fs2" 5 92.8804403749445
197 "197_fs2" 6 95.013099862513
197 "197_fs2" 7 104.458378320332
197 "197_fs2" 8 109.365410327062
197 "197_fs2" 9 107.495378049046
197 "197_fs2" 10 108.281172872232
197 "197_fs2" 11 105.729199472498
198 "198_fs1" 1 199.450513824758
198 "198_fs1" 2 183.065446237295
198 "198_fs1" 3 184.886530578245
198 "198_fs1" 4 176.117058802365
198 "198_fs1" 5 189.421421892088
198 "198_fs1" 6 185.898530323549
198 "198_fs1" 7 190.001461755851
198 "198_fs1" 8 187.794353390756
198 "198_fs1" 9 183.004872697443
198 "198_fs1" 10 189.220352008548
198 "198_fs1" 11 188.082626396789
198 "198_fs2" 1 189.495984902025
198 "198_fs2" 2 188.279151252506
198 "198_fs2" 3 182.369940126675
198 "198_fs2" 4 184.365059099114
198 "198_fs2" 5 181.96699559657
198 "198_fs2" 6 185.542217395854
198 "198_fs2" 7 189.363842260424
198 "198_fs2" 8 184.51835920637
198 "198_fs2" 9 169.407986455195
198 "198_fs2" 10 198.443032906126
198 "198_fs2" 11 189.353479272333
199 "199_fs1" 1 118.85765032245
199 "199_fs1" 2 118.799840926308
199 "199_fs1" 3 93.4217437605837
199 "199_fs1" 4 116.840987513476
199 "199_fs1" 5 119.850149493889
199 "199_fs1" 6 117.1696490983
199 "199_fs1" 7 121.610387649208
199 "199_fs1" 8 113.220855454351
199 "199_fs1" 9 112.35761328306
199 "199_fs2" 1 113.955820807943
199 "199_fs2" 2 100.007788771477
199 "199_fs2" 3 106.494243185406
199 "199_fs2" 4 113.471381375637
199 "199_fs2" 5 108.509513115178
199 "199_fs2" 6 109.732803264022
199 "199_fs2" 7 111.433785862686
199 "199_fs2" 8 109.240708717504
199 "199_fs2" 9 116.795447239821
199 "199_fs2" 10 118.195552101656
199 "199_fs3" 1 118.253059745589
199 "199_fs3" 2 88.1972964392233
199 "199_fs3" 3 105.166428991587
199 "199_fs3" 4 110.861705577559
199 "199_fs3" 5 101.746519660264
199 "199_fs3" 6 119.437467997888
199 "199_fs3" 7 119.522047650489
199 "199_fs3" 8 94.9241988750704
199 "199_fs3" 9 117.632752068065
200 "200_fs1" 1 193.582181071843
200 "200_fs1" 2 191.705803879711
200 "200_fs1" 3 179.663601967978
200 "200_fs1" 4 168.865469083634
200 "200_fs1" 5 188.746840225689
200 "200_fs1" 6 200.287980666319
200 "200_fs1" 7 192.149160225715
200 "200_fs1" 8 200.226160216055
200 "200_fs1" 9 202.303825566527
200 "200_fs1" 10 200.996560373547
200 "200_fs1" 11 177.338449311743
200 "200_fs1" 12 184.766724617062
200 "200_fs1" 13 195.600132266171
200 "200_fs1" 14 193.09060388049
200 "200_fs1" 15 194.61361487104
200 "200_fs2" 1 194.104427272745
200 "200_fs2" 2 194.036091677977
200 "200_fs2" 3 189.977062475393
200 "200_fs2" 4 188.853001573832
200 "200_fs2" 5 193.644968712474
200 "200_fs2" 6 182.637043663398
200 "200_fs2" 7 184.063408630993
200 "200_fs2" 8 185.105679097451
200 "200_fs2" 9 185.985412810231
200 "200_fs2" 10 185.803541132786
200 "200_fs2" 11 186.586778555337
200 "200_fs2" 12 186.348500670848
200 "200_fs2" 13 189.023835045773
200 "200_fs2" 14 192.376776803954
200 "200_fs2" 15 194.381929314827
200 "200_fs2" 16 191.089325334312
200 "200_fs3" 1 194.924117398489
200 "200_fs3" 2 192.375864102199
200 "200_fs3" 3 172.623911321433
200 "200_fs3" 4 190.234311257057
200 "200_fs3" 5 182.824359876488
200 "200_fs3" 6 190.773995732161
200 "200_fs3" 7 200.932149794257
200 "200_fs3" 8 196.546978127707
200 "200_fs3" 9 184.013192943276
200 "200_fs3" 10 186.425161908153
200 "200_fs3" 11 187.111082064788
200 "200_fs3" 12 186.880442394789
200 "200_fs3" 13 188.070308095485
201 "201_fs1" 1 123.139887713152
201 "201_fs1" 2 110.663725912704
201 "201_fs1" 3 116.761005078949
201 "201_fs1" 4 117.649815933509
201 "201_fs1" 5 110.699548355763
201 "201_fs1" 6 113.060827572991
201 "201_fs1" 7 122.663790289429
201 "201_fs1" 8 113.074430395838
201 "201_fs1" 9 111.660445791525
201 "201_fs1" 10 117.316548929143
201 "201_fs1" 11 118.869038887548
201 "201_fs1" 12 120.928327498517
201 "201_fs1" 13 114.937365325025
201 "201_fs2" 1 119.775439439335
201 "201_fs2" 2 111.046247700353
201 "201_fs2" 3 107.86051342088
201 "201_fs2" 4 109.167031609391
201 "201_fs2" 5 106.357670003027
201 "201_fs2" 6 113.409229841733
201 "201_fs2" 7 111.067723697268
201 "201_fs2" 8 112.770070516342
201 "201_fs2" 9 120.042624147542
201 "201_fs2" 10 119.602966874602
201 "201_fs2" 11 122.091152066754
201 "201_fs2" 12 122.847971180335
201 "201_fs3" 1 120.881674166448
201 "201_fs3" 2 107.671466198547
201 "201_fs3" 3 116.520495094482
201 "201_fs3" 4 112.928509761203
201 "201_fs3" 5 118.51029382818
201 "201_fs3" 6 114.252223202824
201 "201_fs3" 7 118.969877539751
201 "201_fs3" 8 119.292964426662
201 "201_fs3" 9 118.860672723462
201 "201_fs3" 10 119.309856641662
201 "201_fs3" 11 120.507998884415
201 "201_fs3" 12 122.978190831848
202 "202_fs1" 1 125.940464591866
202 "202_fs1" 2 120.965615646747
202 "202_fs1" 3 125.12895092362
202 "202_fs1" 4 131.090472323339
202 "202_fs1" 5 146.092358184781
202 "202_fs1" 6 148.229751484134
202 "202_fs1" 7 145.999328295924
202 "202_fs1" 8 138.160527415003
202 "202_fs1" 9 112.430196763941
202 "202_fs1" 10 135.165187283343
202 "202_fs1" 11 142.062757170794
202 "202_fs1" 12 139.706526870107
202 "202_fs1" 13 141.517143943682
202 "202_fs2" 1 139.895217753392
202 "202_fs2" 2 123.797569678215
202 "202_fs2" 3 138.687783408627
202 "202_fs2" 4 143.438001611962
202 "202_fs2" 5 140.481220985702
202 "202_fs2" 6 133.280282337561
202 "202_fs2" 7 141.44033865998
202 "202_fs2" 8 130.714392153759
202 "202_fs2" 9 131.721575427004
202 "202_fs2" 10 137.369642738804
202 "202_fs2" 11 137.932522965784
202 "202_fs2" 12 142.709507725244
202 "202_fs3" 1 144.854626158669
202 "202_fs3" 2 139.831245418452
202 "202_fs3" 3 126.030055260571
202 "202_fs3" 4 139.946794222406
202 "202_fs3" 5 133.967152615396
202 "202_fs3" 6 143.341944304524
202 "202_fs3" 7 143.584703703235
202 "202_fs3" 8 140.040711019355
202 "202_fs3" 9 137.249453092852
202 "202_fs3" 10 139.115449123437
202 "202_fs3" 11 139.678716533891
202 "202_fs3" 12 136.674144119175
202 "202_fs3" 13 138.156273983158
203 "203_fs1" 1 138.491926241506
203 "203_fs1" 2 133.932536893835
203 "203_fs1" 3 115.012679426034
203 "203_fs1" 4 127.542147523306
203 "203_fs1" 5 115.578714424972
203 "203_fs1" 6 127.674032553235
203 "203_fs1" 7 124.445200648373
203 "203_fs1" 8 130.58156749553
203 "203_fs1" 9 129.465047711037
203 "203_fs1" 10 124.850843612932
203 "203_fs1" 11 130.298613398531
203 "203_fs1" 12 132.987263891858
203 "203_fs1" 13 128.913825943482
203 "203_fs2" 1 138.830770972636
203 "203_fs2" 2 136.913736887781
203 "203_fs2" 3 114.330071063319
203 "203_fs2" 4 130.377945619206
203 "203_fs2" 5 127.254443692896
203 "203_fs2" 6 124.081436142296
203 "203_fs2" 7 127.637323889838
203 "203_fs2" 8 130.630595959075
203 "203_fs2" 9 140.956346028383
203 "203_fs2" 10 125.428622803643
203 "203_fs2" 11 134.289410021753
203 "203_fs2" 12 133.799801511573
203 "203_fs2" 13 137.893328265479
203 "203_fs3" 1 135.69182118222
203 "203_fs3" 2 126.00961226774
203 "203_fs3" 3 135.902394266458
203 "203_fs3" 4 127.372666798769
203 "203_fs3" 5 133.485039414222
203 "203_fs3" 6 128.368471474011
203 "203_fs3" 7 130.730430268965
203 "203_fs3" 8 127.698366251114
203 "203_fs3" 9 129.403679283809
203 "203_fs3" 10 134.131596235941
203 "203_fs3" 11 130.693558290226
204 "204_fs1" 1 132.714282119022
204 "204_fs1" 2 129.248597488388
204 "204_fs1" 3 111.056445978511
204 "204_fs1" 4 115.940352569318
204 "204_fs1" 5 119.268851594068
204 "204_fs1" 6 119.172682757339
204 "204_fs1" 7 122.591620102923
204 "204_fs1" 8 105.434634312033
204 "204_fs1" 9 121.279351820128
204 "204_fs1" 10 118.661055638876
204 "204_fs1" 11 129.996290535454
204 "204_fs1" 12 124.320899568231
204 "204_fs1" 13 125.439351330654
204 "204_fs2" 1 133.878752665823
204 "204_fs2" 2 125.960499178053
204 "204_fs2" 3 111.754879778985
204 "204_fs2" 4 127.449667909253
204 "204_fs2" 5 122.246066067572
204 "204_fs2" 6 125.267492267452
204 "204_fs2" 7 127.738937853133
204 "204_fs2" 8 128.208871818801
204 "204_fs2" 9 127.635458909391
204 "204_fs2" 10 131.154758621802
204 "204_fs2" 11 134.336116770452
204 "204_fs2" 12 124.947522936785
204 "204_fs2" 13 126.169223013791
206 "206_fs1" 1 104.164459508287
206 "206_fs1" 2 104.965114628776
206 "206_fs1" 3 94.2607548922043
206 "206_fs1" 4 99.23219631146
206 "206_fs1" 5 102.977632600855
206 "206_fs1" 6 97.614310169337
206 "206_fs1" 7 97.2140057035033
206 "206_fs1" 8 98.7526629339765
206 "206_fs1" 9 99.1007692997407
206 "206_fs1" 10 95.1419898443557
206 "206_fs1" 11 101.987612073816
206 "206_fs2" 1 105.382994715065
206 "206_fs2" 2 105.041807939107
206 "206_fs2" 3 90.9998625225336
206 "206_fs2" 4 95.0743399082284
206 "206_fs2" 5 96.8144587639127
206 "206_fs2" 6 103.25847403994
206 "206_fs2" 7 109.273010854576
206 "206_fs2" 8 119.512751308534
206 "206_fs2" 9 110.757818387525
206 "206_fs2" 10 107.924596691245
206 "206_fs2" 11 110.367843757863
206 "206_fs2" 12 100.348276338345
206 "206_fs3" 1 104.233756342175
206 "206_fs3" 2 100.306575607927
206 "206_fs3" 3 99.124966734044
206 "206_fs3" 4 115.773248876685
206 "206_fs3" 5 106.936439759913
206 "206_fs3" 6 101.36947670639
206 "206_fs3" 7 105.373918276681
206 "206_fs3" 8 108.744723566406
206 "206_fs3" 9 105.388435299526
206 "206_fs3" 10 113.40222815885
206 "206_fs3" 11 103.73414017603
206 "206_fs3" 12 97.8154236294393
207 "207_fs1" 1 143.54606711592
207 "207_fs1" 2 124.763028378415
207 "207_fs1" 3 142.930898356963
207 "207_fs1" 4 140.951491357232
207 "207_fs1" 5 145.303606344582
207 "207_fs1" 6 132.874016447413
207 "207_fs1" 7 135.571355651543
207 "207_fs1" 8 138.871726519623
207 "207_fs2" 1 142.398946946254
207 "207_fs2" 2 138.542894977896
207 "207_fs2" 3 143.77909008283
207 "207_fs2" 4 137.450566043414
207 "207_fs2" 5 148.852173749172
207 "207_fs2" 6 134.661236215221
207 "207_fs2" 7 139.968886288454
207 "207_fs2" 8 140.294237121928
207 "207_fs2" 9 150.734259565948
207 "207_fs2" 10 144.248168032624
207 "207_fs2" 11 146.066376642013
207 "207_fs2" 12 140.064030981697
207 "207_fs3" 1 146.545889729787
207 "207_fs3" 2 138.630591510312
207 "207_fs3" 3 152.834981865975
207 "207_fs3" 4 165.196506061119
207 "207_fs3" 5 165.839345026813
207 "207_fs3" 6 171.298233021458
207 "207_fs3" 7 162.239219960145
207 "207_fs3" 8 159.626038251855
207 "207_fs3" 9 150.283120851936
207 "207_fs3" 10 141.670003178982
207 "207_fs3" 11 139.141350481932
207 "207_fs3" 12 144.945367617059
207 "207_fs3" 13 142.224538779232
208 "208_fs1" 1 134.244727780847
208 "208_fs1" 2 134.331672592033
208 "208_fs1" 3 135.461292159859
208 "208_fs1" 4 131.11498904675
208 "208_fs1" 5 135.951528496252
208 "208_fs1" 6 130.742806700939
208 "208_fs1" 7 132.094691533638
208 "208_fs1" 8 132.778589493116
208 "208_fs1" 9 131.091530819705
208 "208_fs2" 1 132.814892226093
208 "208_fs2" 2 137.836616112035
208 "208_fs2" 3 135.015129598756
208 "208_fs2" 4 132.641030980421
208 "208_fs2" 5 135.128110236675
208 "208_fs2" 6 132.440633657173
208 "208_fs2" 7 133.983945765707
208 "208_fs2" 8 129.745278100834
208 "208_fs2" 9 132.885283147023
208 "208_fs2" 10 132.809532215237
208 "208_fs2" 11 131.421530652294
208 "208_fs3" 1 136.12292961627
208 "208_fs3" 2 126.447031078893
208 "208_fs3" 3 137.581435503948
208 "208_fs3" 4 143.111388214044
208 "208_fs3" 5 137.894935107643
208 "208_fs3" 6 133.931759299832
208 "208_fs3" 7 130.172232336005
208 "208_fs3" 8 124.520325034414
208 "208_fs3" 9 132.423176806269
208 "208_fs3" 10 127.201662827735
208 "208_fs3" 11 124.608801639624
208 "208_fs3" 12 131.048146622775
208 "208_fs3" 13 124.217416425579
208 "208_fs3" 14 128.358668971041
208 "208_fs3" 15 132.1981880761
209 "209_fs1" 1 200.850465755969
209 "209_fs1" 2 196.084550673345
209 "209_fs1" 3 190.889125054256
209 "209_fs1" 4 202.591856335841
209 "209_fs1" 5 200.467671465592
209 "209_fs1" 6 223.825335487639
209 "209_fs1" 7 205.93645069291
209 "209_fs1" 8 200.187351451234
209 "209_fs1" 9 194.403714874453
209 "209_fs1" 10 206.759991505689
209 "209_fs1" 11 156.692613454653
209 "209_fs1" 12 171.910089817016
209 "209_fs1" 13 192.603146941817
209 "209_fs1" 14 187.959165997234
209 "209_fs1" 15 198.956522166253
209 "209_fs1" 16 190.431909607624
209 "209_fs1" 17 198.433818296943
209 "209_fs1" 18 196.046968338005
209 "209_fs2" 1 201.641856766618
209 "209_fs2" 2 203.05608669414
209 "209_fs2" 3 196.928233649247
209 "209_fs2" 4 202.361457495587
209 "209_fs2" 5 199.148757964859
209 "209_fs2" 6 205.889454499565
209 "209_fs2" 7 201.285841696024
209 "209_fs2" 8 193.664205374866
209 "209_fs2" 9 196.684635517791
209 "209_fs2" 10 199.368645959299
209 "209_fs2" 11 197.587214860533
209 "209_fs2" 12 199.813922709422
209 "209_fs2" 13 203.275001801137
210 "210_fs1" 1 152.199744093684
210 "210_fs1" 2 139.859378336779
210 "210_fs1" 3 155.493956236171
210 "210_fs1" 4 146.760168787632
210 "210_fs1" 5 132.834282833877
210 "210_fs1" 6 133.325708843992
210 "210_fs1" 7 146.873308279379
210 "210_fs1" 8 145.158340627496
210 "210_fs1" 9 150.13430483593
210 "210_fs1" 10 155.022724995186
210 "210_fs1" 11 152.068944889961
210 "210_fs1" 12 144.454836147415
210 "210_fs1" 13 145.104128185967
210 "210_fs2" 1 147.149667064734
210 "210_fs2" 2 147.828540293447
210 "210_fs2" 3 135.338868133664
210 "210_fs2" 4 136.15347271343
210 "210_fs2" 5 144.24388904488
210 "210_fs2" 6 130.52095410078
210 "210_fs2" 7 129.548327846667
210 "210_fs2" 8 160.39093275636
210 "210_fs2" 9 153.312006961022
210 "210_fs2" 10 149.762150829676
210 "210_fs2" 11 152.307357028303
210 "210_fs2" 12 157.271992761015
210 "210_fs2" 13 159.520933489984
210 "210_fs3" 1 148.2485248174
210 "210_fs3" 2 147.381418134082
210 "210_fs3" 3 128.256378128514
210 "210_fs3" 4 130.643399304781
210 "210_fs3" 5 143.453523155006
210 "210_fs3" 6 125.283626722087
210 "210_fs3" 7 135.692695747414
210 "210_fs3" 8 133.328465067621
210 "210_fs3" 9 135.075060064897
210 "210_fs3" 10 143.754944882753
210 "210_fs3" 11 148.897236406557
211 "211_fs1" 1 206.012841099658
211 "211_fs1" 2 199.014674123689
211 "211_fs1" 3 198.478889145943
211 "211_fs1" 4 203.299539021692
211 "211_fs1" 5 201.638553339009
211 "211_fs1" 6 213.641816165157
211 "211_fs1" 7 206.487792765193
211 "211_fs1" 8 197.657754036724
211 "211_fs1" 9 205.925989323777
211 "211_fs1" 10 208.751724056844
211 "211_fs1" 11 204.741157734303
211 "211_fs1" 12 206.969828706202
211 "211_fs2" 1 203.103697660876
211 "211_fs2" 2 204.004637320089
211 "211_fs2" 3 193.761830814918
211 "211_fs2" 4 202.023293930107
211 "211_fs2" 5 205.800712605477
211 "211_fs2" 6 207.00749432918
211 "211_fs2" 7 200.587126548578
211 "211_fs2" 8 205.145956450095
211 "211_fs2" 9 202.313229685379
211 "211_fs2" 10 198.4543287134
211 "211_fs2" 11 208.152989949617
211 "211_fs2" 12 206.719249868921
211 "211_fs2" 13 207.186323878628
211 "211_fs2" 14 207.944373081876
211 "211_fs2" 15 205.336879512733
211 "211_fs2" 16 206.565408489577
211 "211_fs2" 17 205.417451905794
211 "211_fs2" 18 204.118138314272
212 "212_fs1" 1 184.969952815923
212 "212_fs1" 2 180.156465159615
212 "212_fs1" 3 172.06560922962
212 "212_fs1" 4 179.73926350973
212 "212_fs1" 5 190.169331979981
212 "212_fs1" 6 185.048460442211
212 "212_fs1" 7 183.832669926311
212 "212_fs1" 8 182.892448316919
212 "212_fs1" 9 183.039598128028
212 "212_fs1" 10 183.674384788411
212 "212_fs1" 11 180.663961521404
212 "212_fs1" 12 186.89110668709
212 "212_fs2" 1 185.814691093757
212 "212_fs2" 2 174.430453588384
212 "212_fs2" 3 187.804759467379
212 "212_fs2" 4 185.71718732359
212 "212_fs2" 5 182.297627940516
212 "212_fs2" 6 182.495051890211
212 "212_fs2" 7 181.637470708693
212 "212_fs2" 8 175.568718225511
212 "212_fs2" 9 177.894782560734
212 "212_fs2" 10 177.580732548995
213 "213_fs1" 1 101.19738179406
213 "213_fs1" 2 95.9018395769893
213 "213_fs1" 3 95.881068166002
213 "213_fs1" 4 101.051318128305
213 "213_fs1" 5 102.284796088918
213 "213_fs1" 6 101.028881725742
213 "213_fs1" 7 100.761639818177
213 "213_fs1" 8 104.195398942395
213 "213_fs1" 9 102.471671395675
213 "213_fs1" 10 106.643470721714
213 "213_fs1" 11 102.196858815372
213 "213_fs1" 12 101.815088756063
213 "213_fs1" 13 102.137837667977
213 "213_fs2" 1 100.46362156033
213 "213_fs2" 2 96.506562837796
213 "213_fs2" 3 99.6388499165018
213 "213_fs2" 4 98.0559208011856
213 "213_fs2" 5 85.2006388753853
213 "213_fs2" 6 101.139559210008
213 "213_fs2" 7 102.435780080926
213 "213_fs2" 8 97.9413842533197
213 "213_fs2" 9 99.3162237970544
213 "213_fs2" 10 94.6240316788553
213 "213_fs2" 11 97.0986504218343
213 "213_fs2" 12 97.000713066966
213 "213_fs2" 13 95.9670257340475
213 "213_fs2" 14 97.2160666188834
213 "213_fs3" 1 104.587827662463
213 "213_fs3" 2 103.699749936795
213 "213_fs3" 3 85.1596318373143
213 "213_fs3" 4 101.123108994372
213 "213_fs3" 5 89.5940584273469
213 "213_fs3" 6 106.559706454115
213 "213_fs3" 7 103.255385797143
213 "213_fs3" 8 96.6687805343853
213 "213_fs3" 9 104.341934781651
213 "213_fs3" 10 105.310733509015
213 "213_fs3" 11 102.723293671431
213 "213_fs3" 12 103.618005841869
213 "213_fs3" 13 106.029017649615
